0
1391
33
36
36
1256
1195
1313
41
50
90
1249
1315
28
1317
1198
1399
1225
1235
1359
150
38
1488
1205
1299
1267
1253
1305
1281
1327
1311
1274
24
1191
1242
1294
1251
1219
170
37
78
1260
1232
1212
1254
1200
1266
1670
1406
1255
1293
200
55
38
1245
37
27
30
1366
1287
43
1222
1229
1390
103
36
37
91
1468
38
1451
37
46
90
1568
1416
1531
106
41
37
36
1242
1329
1249
1426
1282
1290
1263
1327
30
1278
1331
24
1236
193
1283
1309
38
38
1283
1177
1225
1250
1168
1215
1221
1307
33
1171
1235
1208
1241
1186
1239
1218
137
54
1306
1307
1195
1249
1325
30
28
92
33
186
1184
1255
1197
1301
35
1243
29
56
53
204
28
61
36
67
29
1283
1259
1368
1539
1333
30
1419
1371
1735
1459
1396
1199
1262
74
1211
59
1593
1178
1343
1349
165
1355
66
1226
1307
1264
1274
1323
42
107
1196
1280
54
1258
1274
63
1229
38
29
1212
1330
31
47
1354
56
1292
35
1300
1309
55
41
1230
29
68
1286
71
1381
1323
1324
27
1321
1309
1306
1176
44
52
1231
1208
1270
1357
158
99
1298
1308
1308
1233
1503
1187
92
1178
1230
35
67
27
1254
126
39
63
1192
1276
41
1267
1213
35
1201
1446
69
1445
24
197
1297
1311
1490
1318
1168
1255
1159
35
1226
1332
1343
36
1275
38
1294
1317
1520
1226
1297
40
39
1318
1182
1235
29
35
1296
1241
1279
1435
41
1294
37
1331
1369
1346
1276
46
1229
1263
1242
182
1262
24
1226
1248
55
1254
1294
29
1242
1200
1270
1303
1296
1223
1268
1163
1221
1343
1329
1269
35
1259
1263
68
1309
105
1256
1332
27
1250
1228
1217
1341
88
1307
1198
338
188
49
42
1228
1196
1286
1273
1211
1269
1333
1241
1193
1201
1195
1321
1224
1299
1162
1295
1242
1267
1323
40
28
1171
1800
39
1171
1388
1252
44
29
24
37
41
45
1227
1237
1202
1285
1223
1208
28
1362
187
1244
1288
132
1385
1204
1174
99
1285
1267
1281
36
33
1304
1335
26
1263
1288
1263
132
1274
1278
24
1256
30
333
1306
1275
1403
39
26
1230
1260
55
1398
43
28
1433
1273
1360
1451
1338
36
1295
1280
36
1186
51
32
27
54
33
1186
31
1208
40
1211
1736
1952
29
187
1990
1807
1606
1489
1347
33
62
35
27
1293
1320
1435
1304
56
1298
48
32
1242
42
1459
1354
56
26
1328
1332
1205
44
25
1295
34
1273
29
29
1238
33
38
24
28
64
1177
1389
1258
25
1218
25
40
109
35
33
56
42
1249
32
43
128
54
24
1389
33
24
1290
1350
1286
40
1334
1180
1330
28
35
1310
1345
29
1861
1661
1716
44
1577
1288
119
1302
1408
28
34
55
29
1291
1265
36
120
1213
1216
1312
1342
1248
1249
28
1287
1275
1327
30
1347
1342
1232
50
36
54
30
1284
1320
54
58
1358
1253
1314
57
34
1364
1376
35
1237
1289
43
25
1323
1229
1185
1272
24
1333
1387
111
1211
74
1412
1254
1349
1297
26
1304
63
1446
54
1899
64
1928
1437
1233
1250
1383
1211
79
40
1332
1167
1236
1286
1232
42
1271
1371
40
1493
1352
1153
39
112
29
133
1357
1406
1466
1637
1288
1300
28
29
1193
1295
1215
1173
24
187
29
1316
1195
1365
216
1400
1470
1449
136
1221
1220
1312
1224
1194
1257
43
59
1280
1297
100
1672
1493
1423
1298
85
1396
30
1306
27
67
1366
1311
1401
1281
1293
27
1300
34
1271
1308
54
1309
1358
1330
1400
1249
28
1215
1352
1297
24
1447
37
1339
40
28
1149
47
62
31
1180
96
1246
53
24
1434
1482
30
1274
1339
1529
1373
1347
2474
58
2072
2504
64
1352
45
44
1613
1360
1391
1748
2460
43
52
132
127
2239
2395
1493
99
1652
72
1552
1351
1273
1436
1324
44
1469
1335
1213
101
1288
37
1241
28
1129
1253
1527
1312
89
1248
29
142
1314
33
1264
31
1280
31
1340
54
1175
1247
138
1316
1184
1372
35
62
1375
1279
74
60
1545
1430
1349
31
48
1251
75
1279
1304
35
57
66
36
1260
95
71
1313
1202
1262
105
35
1253
1271
27
43
1380
1235
1285
1293
1510
28
1271
1401
1492
100
1173
1670
1744
1486
1315
1160
36
1360
28
1245
36
1334
1302
38
159
60
1310
55
1322
44
1337
34
29
24
30
1248
1381
1330
1229
1184
1212
1231
1186
1364
1751
1382
1309
1348
29
122
1307
1355
1308
1275
130
24
1301
1291
1380
1259
1176
1204
35
1266
1230
1263
1173
1290
40
1315
1238
1210
1331
1429
54
61
1288
1310
29
1184
1405
173
1281
1292
1198
83
24
24
1180
1240
1378
1353
1334
176
27
34
1333
1290
1221
1157
1327
1262
1238
73
1408
1276
1193
1284
1376
1179
1229
1265
58
38
99
1251
45
35
1241
1229
37
24
34
1359
33
1344
1365
1252
1363
39
1166
1332
34
58
1434
1351
27
35
1286
1250
1398
1296
39
28
1285
159
92
1307
1371
1294
1310
1214
39
99
54
1321
91
1255
29
1165
29
1192
1262
30
1273
1310
1201
1210
1329
1368
55
1502
1641
46
25
35
1350
1486
1357
34
1312
89
43
1568
1337
68
1315
1218
1268
1259
97
1294
1351
28
1317
56
1246
1173
60
1247
41
34
1288
31
1197
1193
29
1254
68
39
1529
25
1335
43
1203
1294
55
1401
1329
27
1387
39
2059
48
1379
44
41
1236
1249
44
44
26
75
38
1323
41
48
1377
1350
53
90
1297
34
1308
1338
1202
1206
44
1185
97
1255
42
54
1245
1328
1271
1370
1339
1242
1282
1306
46
1255
238
56
50
122
1251
1405
1275
1399
1511
1338
35
46
1251
1316
1239
1308
1261
35
56
29
1221
33
43
1439
30
51
27
1225
1289
1214
1290
1307
1572
98
1380
1522
1466
1556
1496
1171
1195
1256
1261
39
1257
1420
1354
1358
1267
79
1308
1267
1391
98
122
175
1240
1236
1341
1392
24
1294
24
54
1272
92
1246
1242
1265
109
1229
170
1289
1256
1174
1420
1284
24
1287
28
90
1208
1302
32
42
1258
1293
1292
1310
1283
1272
1363
25
39
30
1288
1152
35
41
38
25
84
1196
83
1166
1334
43
1309
1299
1238
38
1319
44
1204
41
25
1369
34
1192
25
1265
1228
52
1292
58
120
1310
32
29
1200
1247
1199
28
1272
24
39
1302
1164
1219
28
1224
28
33
24
1338
53
1287
1190
1281
1266
37
1257
1255
1266
1211
1344
38
1173
27
38
41
1320
1345
43
1231
86
32
1382
56
1346
1223
28
1182
74
1334
76
157
1314
35
1247
1231
1220
33
1365
1178
1270
32
1239
31
2330
1774
41
1246
1301
1227
1431
50
84
1301
1265
1384
1352
1330
1239
1222
1352
88
34
1183
1192
1229
1191
116
29
1245
39
1282
1220
68
1289
1314
1294
33
55
67
1256
43
1409
24
29
28
1304
33
68
1236
1265
1257
1345
1262
1353
1221
1187
24
1269
1245
1276
1340
1268
32
1247
64
39
1230
1220
1175
1183
1224
33
39
1220
135
98
129
1278
41
1358
30
1294
1329
1244
1217
1261
30
37
1364
1262
1309
25
40
1326
1273
33
43
1288
1260
1319
1312
1183
1255
54
1201
1248
1212
54
1215
73
1339
1295
1388
1322
30
1272
45
26
1221
1154
1226
1407
42
1271
1306
34
1338
47
1320
1349
97
1223
53
1258
24
29
1175
28
1209
1216
1336
36
1219
1257
1257
28
39
34
86
39
1265
39
1236
1336
1230
57
1239
30
1291
1227
40
24
1237
36
39
68
36
68
1159
61
1230
25
1246
1217
1221
1291
1299
1226
28
1178
1330
1331
36
1207
40
83
136
1311
1236
1309
53
37
29
1370
40
1308
1370
55
1277
35
1318
58
1386
107
1252
1315
1295
1234
1278
55
91
29
1361
35
27
1321
1302
1261
1316
54
1323
1257
1344
49
32
1252
32
1220
1177
1226
1288
1311
1307
1294
1344
1344
33
1272
40
56
1294
1348
1325
1242
64
27
49
24
1360
1259
1255
1273
1169
26
1213
29
1193
25
24
1268
98
1318
1195
35
35
55
134
107
1360
1203
1289
1337
35
31
1336
1240
30
1318
1256
1219
1721
1389
1362
48
1257
56
1305
1190
1347
43
1363
1292
1340
96
1441
1231
28
1326
1239
1206
1200
1279
1302
1328
40
1249
1253
33
1345
1378
42
1986
1285
29
1241
1258
1288
28
1314
41
1395
42
32
1490
1228
1214
1225
30
34
108
100
1299
24
68
24
1365
1301
43
1358
35
1207
1244
1217
1297
1322
27
1318
1316
1255
1209
1248
1342
1284
24
268
60
74
122
1357
112
1339
1233
1362
1267
36
39
1282
25
99
1270
139
1270
1212
37
33
1303
1326
27
1318
58
1377
1304
35
37
49
1259
29
1302
1366
1207
1188
1221
54
1251
1233
1234
68
1261
1300
27
1370
1253
1261
1310
1257
47
1223
1260
35
1280
1270
35
32
1180
1230
1211
1195
1501
1411
1372
1286
1330
37
1621
1291
1463
32
1341
1195
1467
25
56
1249
130
1247
1343
1358
2157
37
1311
1327
30
1232
1186
1211
26
55
29
1606
1490
1231
33
49
1426
1381
1464
1327
28
1405
1234
39
1191
39
1208
32
37
40
1185
1219
1246
1345
1313
35
90
1261
1279
37
144
1278
37
39
1289
1307
29
35
1331
1253
1250
35
1336
55
1184
1318
1197
1512
1305
39
112
30
1313
30
1399
1366
30
1342
1223
1258
1306
79
1333
40
1191
28
32
1403
1241
1324
1323
59
72
1239
1354
1253
33
1359
122
1209
1263
29
1462
68
28
1251
1264
1176
25
28
1260
39
1228
1312
1174
1239
1171
1187
40
1263
1265
1214
1164
28
1262
1254
37
44
1321
1327
131
1251
28
75
1328
40
1243
42
1356
1352
1296
29
1311
1349
38
1337
35
1334
1233
36
1297
28
1299
192
38
53
29
1275
1214
1221
1320
1253
1235
35
94
107
28
1266
1279
1387
24
27
135
1386
1617
29
25
1398
46
37
1195
40
1233
1248
56
1288
135
33
1342
1212
32
1283
229
29
1316
1236
1246
28
1314
1166
26
1178
1202
1297
1298
33
1297
85
1249
1218
1305
37
1217
1251
80
1337
1213
1252
1275
28
28
1204
30
1400
1343
1225
1281
1250
1238
1267
1308
154
1743
57
1424
34
1331
1213
1179
1253
1227
34
1421
1272
1320
1315
1311
46
1283
1284
1233
38
1291
1218
1162
38
1255
1076
1196
95
1185
1308
1332
1256
1294
58
1249
106
1216
1323
1222
1147
1203
35
1231
1160
1253
1163
1216
1289
1285
56
25
1269
1318
1312
1255
34
1268
44
1276
33
34
28
1336
1181
1201
1269
39
1253
42
30
1186
54
1268
1265
1430
1301
28
30
24
46
28
35
1376
29
90
1244
1305
1256
189
1289
1324
44
197
1273
27
1392
1272
1274
1287
33
1241
1271
1219
1220
1322
1181
1273
30
1215
1288
1207
35
1243
1269
1262
1261
41
1258
25
26
1289
34
1219
36
40
64
39
34
1300
1202
1265
1262
1180
1341
38
1221
1276
1357
34
1239
1295
1251
49
37
76
24
1258
1247
1319
52
1229
1198
1204
1356
1381
35
1234
1218
30
1268
28
1233
40
1218
34
1338
1254
1298
1283
1258
1261
24
33
194
29
24
1225
1255
1346
39
1309
1282
1394
34
1307
1352
1366
68
1368
25
36
1416
1371
1293
1244
36
1271
56
28
1357
1249
1185
1249
1312
28
1253
39
25
1270
1187
1218
1463
1498
1386
116
37
1320
1392
1315
1369
1444
1214
1372
48
1168
1253
28
39
1252
1143
1135
1273
1270
58
1209
67
1179
79
1384
1302
1315
1245
1269
23
1220
72
1324
38
1272
34
1291
1290
1231
1228
1214
1175
1175
1158
1175
1304
111
1242
1328
1265
60
112
1235
1245
1308
1327
1182
33
23
77
1169
1195
1229
1238
1328
1262
1248
1246
41
1328
1276
1308
28
1321
32
1185
1224
45
1335
40
1305
1155
1211
1232
1217
1220
1272
1255
1329
34
147
27
1262
34
1192
1260
1156
28
34
1223
1220
1219
64
1262
38
28
1225
1237
29
78
23
1265
284
1206
1239
96
83
1242
37
86
28
34
32
1169
24
39
1289
39
1259
1202
24
94
1329
88
1291
56
36
1313
1299
1343
1339
27
28
29
33
80
1202
24
24
1309
1223
1358
1290
1317
1373
1254
33
1370
32
42
50
1261
1327
28
1308
40
48
1310
1358
25
1383
33
1277
1228
1311
1261
1277
27
40
27
1294
39
1882
1265
1282
47
39
25
1258
35
39
26
1247
1198
1281
1160
1335
57
80
1213
1333
28
1304
38
24
44
35
34
72
1279
1197
80
1195
1334
1214
155
54
1272
33
1238
35
25
1312
1284
34
35
1275
1163
85
34
1365
1412
1217
29
1299
1323
1292
1279
27
27
1265
1189
1315
1310
1242
1259
1168
1192
1220
1239
34
1315
1238
1191
1245
1157
1271
1369
51
1320
50
1184
1261
121
1240
24
1300
1227
1179
36
117
1160
1221
1321
1292
1275
1241
1252
1324
36
29
36
1284
59
1308
1245
1271
1227
1351
1273
1201
1318
1356
1370
1285
40
41
1260
1242
1271
1344
1265
1260
41
1297
1323
31
1391
1464
1305
31
1221
1309
1425
25
1258
50
1290
77
131
1210
1257
1306
1278
1265
28
1221
39
50
1233
1264
1352
69
26
47
49
1252
64
74
61
55
36
1325
1287
38
1265
1276
1291
29
1391
1325
34
1317
1295
1338
1330
1384
106
1289
45
33
1297
73
1258
1318
29
52
1437
1334
27
1307
1305
28
1327
26
29
1257
1342
1233
86
1357
1279
84
78
1240
33
1331
1377
27
34
144
34
1180
1296
30
36
29
1190
1212
1349
25
28
1259
28
1204
133
54
1245
88
84
1301
1320
1257
1311
1234
24
195
1314
343
1299
1211
1227
1239
1175
1256
1323
1184
1355
1273
1331
1086
27
1230
1422
35
1240
33
27
1181
1253
24
1294
133
1160
1154
28
1278
1230
1292
28
1255
1191
1233
1307
1296
1263
49
24
1299
24
25
1256
40
15
117
34
1262
1268
28
1253
1266
1331
1111
75
1265
41
24
32
1211
28
75
33
1216
1184
1241
1247
1162
34
27
1258
1304
1181
28
39
1316
104
1165
1299
35
1659
1693
1214
146
34
64
1364
33
1369
1368
31
45
1477
1396
1272
31
1319
1301
1358
1419
1323
1276
46
44
1288
32
1249
26
54
24
1257
1232
53
1272
38
33
1201
1310
1355
1248
1356
1297
52
54
1243
1348
1362
36
104
45
36
1333
1306
38
1240
29
1265
1419
136
1294
1227
209
38
36
1249
1311
1307
1277
33
33
46
1262
54
1184
1257
31
1340
1304
1444
1305
25
1373
1238
1296
29
1236
1302
62
109
1387
1263
1317
122
1314
85
30
31
29
29
34
28
33
1292
1246
1359
149
1328
1192
35
1304
30
1354
1267
1375
48
1517
1403
1274
1201
1179
1220
1263
27
1217
54
1258
34
24
1351
40
1268
1258
49
71
1245
34
1306
1278
91
25
129
1265
54
1284
1240
1288
1263
1270
29
1291
29
1377
1259
54
1328
1333
49
1347
1332
188
1392
33
27
1216
147
1400
1482
1352
1289
1314
35
1295
1203
1920
1674
33
1431
1222
1152
41
1225
1158
1197
107
1499
1341
40
43
1441
42
36
1223
1325
57
34
35
1281
1283
1333
35
1268
39
1159
1227
1234
1254
52
39
31
1192
1288
1324
1196
53
1275
1241
1330
1214
28
32
46
1177
1327
1151
92
110
1282
1302
1158
89
1343
1345
1207
1233
1264
34
40
1267
1249
66
1376
1337
34
28
1245
1248
24
1191
1170
1178
1346
1261
25
1172
48
1238
34
1231
1283
1335
1312
1285
41
1212
26
1260
1262
37
79
1166
89
1322
30
1355
74
84
149
1268
43
90
25
1315
1251
1288
1452
1292
1226
1182
1249
1168
1261
1399
1261
1303
78
1248
1242
42
52
52
30
1245
1182
33
1293
25
1303
1171
1268
1395
1269
1260
28
1304
1301
1264
53
53
193
1272
1186
1171
1270
1311
28
54
1244
1285
1329
1363
1381
33
73
1236
1254
1317
64
34
1339
94
1179
1281
1379
1196
1263
1210
1314
140
33
29
1277
1264
1201
1246
34
1268
24
40
133
1250
67
27
1229
1275
1304
28
40
165
28
1182
1250
1324
1307
1348
1425
36
1354
1308
1287
1339
1360
1205
93
33
38
31
1336
1372
1889
1372
1180
1255
1356
30
45
34
1333
1444
31
1400
55
31
31
121
1336
1349
1403
1347
24
30
1297
55
1226
1223
40
36
53
1263
90
1175
1220
1323
1262
67
85
1273
53
64
98
30
30
1242
1333
1242
1239
1270
1256
1258
1230
29
1186
1250
1181
1231
1234
1206
1291
41
1278
26
25
1294
41
1322
42
42
1395
300
1197
1225
1293
1269
1341
35
1282
1222
1273
24
23
27
1216
40
1251
1271
1192
31
1075
1210
1347
1253
1276
1357
1222
33
33
1274
1261
38
1340
1245
1238
111
1272
1439
1209
1371
191
28
1303
1283
1333
1378
28
35
1243
1365
40
35
1264
32
34
1157
1229
1325
60
35
1258
1298
1200
1299
1250
1260
176
107
1324
1328
1305
1200
29
31
1362
1358
30
1296
1285
100
40
64
25
1280
1374
1439
1388
43
1229
1274
36
40
1357
1261
1253
25
1182
30
1240
1527
30
39
40
1277
58
1310
49
35
1279
39
1218
1284
1637
1324
1192
30
1342
1379
180
1297
56
1459
28
1273
1252
1357
50
36
34
25
75
31
1362
1236
1269
1245
36
1201
105
24
1161
105
1156
1333
1188
32
32
30
54
52
1250
29
1284
24
48
34
34
64
57
53
36
27
44
31
1162
28
1279
1166
42
35
39
1261
1190
2148
2206
1493
1342
1389
1345
46
114
1523
1234
56
1163
1286
1316
34
36
1264
79
1210
1284
1345
1175
1228
61
31
1229
28
132
1174
49
58
1244
1173
1272
43
24
35
1209
1246
42
35
28
1182
1391
35
1223
1241
1255
50
1292
32
1289
1239
121
1328
1236
67
30
1310
1174
25
42
1306
35
35
1387
1191
1260
1301
1234
1180
29
1248
1173
211
1332
29
28
1195
1323
1521
32
40
1559
1364
1319
1224
26
1339
29
1236
1277
36
28
29
28
28
1239
1330
1401
1286
1326
36
1193
1209
32
207
100
41
1263
1296
1208
1303
1165
1160
1208
32
1252
1269
1303
54
77
1209
1233
47
1239
37
38
1286
1276
27
1260
1164
1335
24
1219
1165
1226
32
1199
1277
30
1347
54
1320
1226
34
1263
1189
23
33
1261
1269
1326
1223
1177
1259
1227
1270
74
1289
1165
1189
1238
1329
29
28
1187
1365
28
1234
25
1298
1327
30
38
1258
1278
1310
1339
55
78
30
34
29
42
1255
24
1358
1423
1714
265
1568
1519
1427
1477
1594
1562
1492
1451
67
1527
35
25
32
1358
1379
1453
1470
1412
1524
32
1604
95
108
27
78
49
33
2070
1498
149
1603
55
1255
44
26
1309
45
32
1283
1374
1245
57
1440
1328
1338
1236
1261
1379
1304
1315
1386
1331
94
1554
35
1243
45
39
1234
1237
30
1306
1299
1308
26
1384
1206
42
1265
1331
1265
34
1248
1286
1225
1327
1170
1333
95
1265
1297
30
1285
1246
1261
1250
1283
1282
36
35
1169
1311
144
1320
1345
1238
1404
1285
1322
1276
29
1500
1458
1470
1557
1404
39
1523
1537
1446
1380
1537
55
1402
1566
55
1404
1279
57
1511
1512
1518
86
36
1377
1599
31
41
31
1501
1504
28
1290
35
1572
1421
1460
61
67
37
36
30
1330
1414
1448
1434
1642
1524
1460
1429
1625
94
1419
1543
1496
1456
1382
35
1435
221
26
1744
1476
1473
1538
1560
1594
1328
1390
1279
1193
39
33
135
1226
1319
1284
1309
38
35
1317
56
1287
1293
72
1291
46
25
1379
139
24
1336
54
1273
1357
119
1226
1303
58
24
1207
1234
1344
41
65
25
132
1382
1250
24
1270
25
1251
1296
1299
1241
1238
1228
1294
25
1377
1371
1298
23
40
1221
1296
1295
55
1218
28
1284
1256
29
1257
1333
1207
1287
1215
1251
1273
1361
1318
37
1324
1232
1387
1328
32
1236
1335
1339
34
1254
46
1389
1216
107
1252
30
1380
1333
2196
1811
1258
1227
1249
1244
39
1189
1274
42
109
1583
1509
41
32
63
1343
1276
1195
1244
1211
1318
39
1188
1560
1298
1258
1475
1337
1411
34
1245
33
29
54
1192
1343
1222
1268
131
1417
135
29
1340
1280
1300
1274
1239
1350
1340
42
1271
65
1213
1255
1231
1225
1288
1245
1322
28
101
33
1295
24
1186
1195
1349
34
37
29
1359
100
1188
1147
1292
1278
27
25
1373
1232
51
1341
1362
1219
55
1359
37
1267
1203
1266
25
1220
40
1236
1209
1192
1236
29
1196
1280
74
1199
91
1294
34
1205
1468
1717
1581
1410
36
31
30
44
1521
1464
1683
57
57
39
58
1374
1336
55
30
1346
1557
1420
70
1417
1439
31
37
1531
1603
1548
1414
35
1320
1301
120
1308
81
1385
1365
1488
1436
176
1528
1396
1654
93
2298
1898
47
1431
1558
1474
1631
36
1607
1561
46
1531
29
90
1333
1257
1381
51
1316
1229
1263
26
28
26
1388
147
1622
1485
1631
1530
1248
59
1268
36
25
31
300
25
1305
1188
1273
1235
35
1206
41
1513
44
1433
1654
1550
37
1501
57
37
1372
1652
26
1512
1520
1458
1538
1397
1511
1501
1685
1352
1331
1329
143
1325
1227
59
1596
1597
25
71
76
1269
24
1196
1313
1238
1181
28
1305
1208
1274
1325
1287
35
85
38
1317
1193
53
1207
1160
1333
33
39
24
1242
1225
35
24
1255
36
1390
1277
35
1342
1327
1181
1261
54
1174
1318
35
29
40
1234
27
1154
1235
28
1238
1287
1271
1235
26
29
1380
1418
54
1322
1163
1504
1249
1311
1307
29
1338
1287
1454
1388
1320
39
1495
1328
36
1330
1254
1184
1672
25
1620
49
1591
1576
1247
33
1431
44
42
32
136
31
1287
1239
1188
1257
1249
1150
1253
1245
1294
1216
1311
1218
53
34
35
71
1222
36
1162
1228
28
31
1248
1319
1310
1245
1190
1320
106
1253
1340
1942
1347
34
1365
1230
37
1323
38
75
1311
36
62
1418
65
1368
1245
136
1250
34
1254
1290
1220
54
1293
120
1192
1333
45
39
1255
1240
1221
1291
1224
1240
1354
1182
30
40
46
1191
1270
1191
1163
89
1321
67
1309
42
1258
36
1231
1210
41
1290
35
1263
1185
1441
1367
26
55
1262
35
1358
1301
1225
1262
28
46
1207
35
1195
1236
1226
1366
171
29
31
1318
29
1282
1304
1237
43
1305
1266
1236
1170
1189
1188
39
1245
85
27
29
1307
49
1316
28
1510
1255
1333
110
36
28
1323
30
1208
1358
1226
1299
1233
1377
1337
1203
35
1307
1297
41
1176
24
1252
1250
91
58
34
1275
1237
1188
67
1300
1385
54
215
1248
1503
1318
1330
1291
109
54
1286
1425
57
149
1322
1306
1361
1367
97
30
1227
1300
1233
133
1204
1191
1369
38
1169
1264
1289
1206
1249
1232
1322
1316
72
1384
1257
1498
1315
30
1256
1215
1298
1328
1292
1412
1629
41
243
45
1351
1205
91
41
1276
1311
1279
1257
36
34
1290
1438
36
1293
1272
1222
1206
24
1296
38
54
101
1382
1319
117
34
40
34
1313
36
1790
1702
1576
1791
217
1788
31
1546
169
1822
1688
1540
37
1845
1543
1589
1679
1296
1415
98
1251
51
1276
1185
1172
25
24
41
35
1358
29
1311
1203
1312
55
31
27
1305
34
36
1524
1340
1349
1255
51
1274
1322
24
1198
1325
35
25
1236
1286
159
1260
1235
39
1071
39
1215
1415
143
1215
29
27
37
1242
1328
1243
34
1168
1323
35
1328
60
99
1254
1276
1325
1394
1253
1356
1317
1206
29
1325
25
34
1199
1264
1333
1283
37
41
1474
44
1425
1234
1214
56
1332
40
34
1356
1249
1310
60
1250
1220
38
69
95
1368
1288
55
1341
44
266
1327
40
1304
1366
1285
1260
339
34
1467
1397
41
1324
1159
1983
2372
46
32
48
1542
71
1353
232
33
1218
1219
35
42
37
207
1400
29
2051
1663
1602
121
36
38
93
1497
1311
86
1417
1298
33
1375
82
1269
1308
1259
27
34
1256
1303
1293
1236
1337
1274
1244
1261
1228
1340
25
1296
39
29
1254
43
1262
1214
29
58
117
1172
37
57
1247
1345
42
73
26
1269
29
28
1326
1343
36
1302
46
28
137
1344
1211
32
1259
1210
1343
1342
1291
1738
63
1845
1392
34
1149
1193
33
1234
1288
1198
68
1350
1319
35
1287
37
30
1262
36
42
1368
1302
80
1282
34
1215
1338
1388
1111
1264
1330
1301
1378
1448
66
1303
1271
1263
35
34
64
1347
171
1338
29
1214
29
1246
1279
1323
37
1322
1233
1210
59
1272
33
1166
68
1336
1230
39
1200
1328
1213
54
1190
1403
1290
76
36
29
1320
40
1171
29
33
1450
1316
1346
33
1323
33
24
1261
1295
1287
103
145
45
1244
1226
1188
35
1281
1304
36
38
1203
1262
1252
1196
94
1239
1157
1231
1169
1268
1342
1284
31
1271
1274
33
28
1219
1174
1267
1228
186
1170
1262
1265
1252
77
1320
55
1247
53
1353
1266
54
68
39
1267
29
30
42
1265
33
34
35
1197
1184
1275
1227
29
1299
1236
1228
91
1233
34
142
33
1235
1332
1287
1301
1284
1954
2224
162
2450
59
58
129
49
1721
83
46
1414
64
56
49
29
1451
1488
1371
1804
115
1524
1206
1369
1297
42
1383
1267
29
1270
33
1209
1223
1321
1220
114
1225
33
1281
25
1286
40
1384
1199
1261
1320
1294
1299
97
1279
1168
1325
136
218
1263
1297
136
1295
1344
30
28
33
1209
62
1305
65
1314
92
68
24
1263
1220
46
1263
1275
1237
1408
34
50
2160
1270
1315
71
1484
47
1449
1590
161
1411
1372
96
1299
1347
30
1269
1377
1366
1421
1476
1339
36
45
1284
29
1173
34
29
94
1261
1300
1321
1246
117
1276
1413
139
1440
1361
1397
1203
64
1296
1386
1283
1367
57
1360
41
31
1336
1334
1279
1288
1358
33
28
1256
26
1433
1251
36
1300
1307
1206
1283
30
1219
60
1259
49
1244
30
33
1247
138
34
1320
31
1304
1238
1212
1260
1209
1211
1308
1462
28
1251
59
1229
1324
1335
1436
1696
1220
1270
1302
1273
27
1308
1235
1593
26
30
40
33
39
33
1491
1359
1363
1331
1405
37
40
1385
1336
1348
1195
1328
1271
30
34
1210
1284
1370
1455
26
32
1302
1204
37
31
1329
30
26
1224
1450
1227
1241
1475
1323
37
1259
1280
1223
1304
1269
1226
1219
1240
29
35
1158
1245
1222
47
1181
27
1285
1204
35
1251
34
1245
1248
24
1326
1246
1188
27
39
29
1253
1241
36
135
29
1236
24
1272
1259
1219
1164
27
1369
1295
30
1305
29
37
62
133
1310
1349
1239
1260
37
1242
1225
1239
1216
1234
1302
26
1250
140
34
1306
1210
1324
1231
1277
1358
30
1317
1170
1281
1238
1291
1313
1270
1265
1314
1389
1271
1289
1318
1278
24
31
1226
1440
33
1460
37
1320
1351
58
1273
1398
25
1287
1202
1209
1242
1344
1215
1251
1221
1269
1298
56
35
1469
37
1855
121
1330
80
46
1201
50
1338
29
34
1305
1291
1255
50
33
31
1250
1233
1194
33
46
37
1218
31
1188
135
1194
1249
35
1271
43
1309
117
1235
1255
1296
1340
1346
32
1410
27
1346
1248
1227
1291
29
1293
1249
1165
24
33
1282
1263
30
1298
1278
25
54
1332
1216
1287
1257
1239
39
1239
1245
1367
1204
1226
1222
33
1278
1319
1256
1267
39
1296
1336
187
1355
1303
1326
1345
30
1243
1225
1329
1248
1198
1275
1303
29
1350
1324
1339
28
1296
1277
1290
101
1372
1294
29
26
1288
1233
1156
1350
1581
1375
1353
1350
40
1301
39
1325
1417
1453
151
1276
1304
1263
1266
1177
1390
100
1465
1495
1357
1282
1215
1305
1229
25
67
1317
1247
1309
47
40
34
1196
28
28
34
1333
1329
25
44
1577
87
1410
48
32
35
89
24
1477
1323
36
1305
38
27
105
1262
1261
28
28
1307
1323
1232
1307
25
1317
1316
1369
1295
1279
1320
46
1339
1337
31
29
1464
1302
40
1198
1280
1360
36
34
46
165
28
35
1395
33
35
28
1465
1440
1306
1217
1346
1171
37
1241
1322
1477
27
1324
1257
1337
1409
1324
1259
1324
1277
1179
1208
1310
38
24
1156
1199
1267
1255
1219
1292
54
115
36
1291
1277
1280
54
1391
31
30
1231
1332
1358
1327
1293
133
29
1543
45
1430
1470
49
39
1330
1214
1408
1382
1346
1340
1325
72
1317
30
42
1201
105
1372
33
1194
1307
1232
1241
1236
1242
29
1288
1326
54
1316
165
1396
1372
30
30
1426
1401
149
1261
30
40
24
1337
122
1415
1327
1346
1265
1285
1294
1253
1329
36
89
111
1635
1228
33
1303
1272
1353
1277
1295
69
1280
1444
1367
24
1269
1220
49
1356
60
1296
85
38
1336
1303
41
114
35
1369
1291
1373
1272
65
27
1339
1853
50
1264
72
1340
1321
37
55
1254
1329
1255
1274
1219
1189
27
40
39
1208
1165
1193
50
1249
1287
1269
1208
28
136
1323
1222
1212
1257
1275
1214
89
1214
40
1233
87
1229
1340
29
1253
1212
1287
1351
1263
1669
151
1475
1245
30
25
1324
1429
1390
1459
1334
75
41
1271
1300
1189
1259
1278
1286
39
1268
25
30
33
1286
1342
1300
30
1297
1162
41
1078
1261
28
43
1278
58
1268
1356
1332
1300
1302
1261
33
1250
1407
1264
106
1275
1300
1201
1350
1436
44
1217
1248
1278
1287
35
36
1208
1308
70
1192
1263
25
1249
1285
1274
29
1243
1297
1275
1227
1344
25
33
1262
27
272
1284
73
1207
47
30
1215
1318
1368
61
1398
1259
1246
29
1405
1355
25
1133
1351
1340
28
29
25
1314
1308
32
1348
1244
101
55
1290
1287
1257
1349
1307
1380
25
56
1235
35
40
1383
1321
1203
1363
1265
1363
1302
29
1264
1382
1242
1249
1343
40
32
1162
26
31
81
1407
1307
28
29
1326
36
25
1286
1305
29
1300
1286
1319
1276
1222
1276
137
30
1289
25
1572
1640
1250
1319
48
37
28
202
78
1271
99
1275
1316
53
1320
1331
1341
38
34
1287
1226
32
101
45
1239
1354
55
1352
1212
1296
1280
1323
1363
1247
1365
1227
36
26
1255
1259
35
1254
1317
1305
1330
32
1283
1305
1416
1319
32
1352
33
1266
105
1268
29
90
31
1280
1254
1252
1374
1253
1219
1265
1289
1205
23
29
36
39
99
34
1190
32
39
27
1239
1393
31
1248
38
1423
1298
1263
1317
1307
28
1447
1197
1262
1280
34
1236
31
1257
1283
48
37
1199
42
75
1443
1284
1277
103
1223
1415
1318
1203
1225
137
1416
1359
36
28
1273
1303
1410
30
1193
1434
1309
41
1247
34
1295
1332
29
36
1199
36
1306
35
1357
100
1321
28
55
1321
1338
1322
1285
32
1305
29
1254
1237
1271
1300
1370
1339
39
1377
1305
1317
1305
1374
1340
1370
1336
29
1549
1303
1408
35
29
1346
35
130
1344
33
1468
1285
1352
34
1254
1301
29
30
105
35
85
54
34
53
1275
1145
186
1401
56
1367
1330
1286
39
1283
29
1289
1357
94
1386
1271
1412
1222
1184
1513
1300
36
1685
37
1288
1298
37
40
35
1254
1306
1356
1259
1271
27
1174
41
30
1278
41
1229
1308
1300
37
35
1351
1194
1335
25
1235
33
1229
1211
1218
54
1252
1191
35
40
1206
1251
1164
1253
1324
1235
1234
1268
30
1263
28
1256
46
1241
1238
1333
1279
27
1207
1892
65
1419
1155
1310
42
1255
30
61
33
1258
32
1255
1547
1213
1166
1153
29
30
30
1194
28
1280
1234
54
1318
1323
1215
67
1354
34
1425
1328
1311
43
40
1538
1456
38
1323
1359
1283
32
1340
1279
36
1183
30
105
1225
1320
1280
1315
1272
1403
1322
29
1336
1277
1348
1368
1347
1303
25
1215
1330
1213
1292
36
25
32
1280
1243
36
1301
1195
1321
175
188
83
1352
103
35
1484
1329
48
1364
35
32
1591
36
1285
1292
1330
28
1352
243
1434
1458
1448
1295
1237
1457
1297
36
41
1327
1296
94
1273
1305
1256
1417
1443
1302
29
37
1436
1305
1391
38
31
1941
1326
1353
1242
1346
1217
29
1334
1315
36
1268
1197
24
1416
1269
1343
1301
1319
36
1342
119
78
1296
28
1417
1512
1242
1411
44
1403
1628
68
1560
1357
69
38
1276
36
34
40
34
1205
40
1226
1273
41
1379
1375
1266
1318
55
1243
1248
1267
1351
1304
31
1360
30
37
1418
37
30
30
44
24
1507
1419
24
1494
128
1669
1257
1239
37
1217
35
42
34
1203
1385
1445
1243
1222
1263
35
1174
1273
1292
1313
1276
1270
1168
1241
1322
1283
1386
1248
1253
1273
25
1417
1454
43
1383
28
1337
70
1185
1295
27
1269
1203
25
1374
38
1432
1401
54
106
33
29
1237
1194
1345
34
137
1357
1285
1294
1387
1290
1255
33
29
40
1303
202
1381
1268
1299
1259
1292
42
41
1329
1339
1285
39
1318
29
1287
39
39
49
28
41
54
190
55
1244
34
1298
35
1222
33
1211
1408
1387
1363
40
1370
1368
176
25
1408
1403
1305
1298
38
35
1276
1304
1288
1442
1332
1245
29
1333
1246
1311
1197
1346
65
1216
1335
1275
1226
37
1191
28
1265
28
1259
27
28
1424
1352
29
109
1375
68
1255
1397
30
1434
1212
30
35
29
53
36
1374
38
1309
131
139
81
1443
1427
1373
1366
1255
61
1379
1429
1248
1264
1214
1368
1477
1329
1242
1340
1339
38
1479
2265
2386
52
48
1561
1503
1360
1440
40
1374
54
30
28
1438
1339
38
44
1214
1342
1322
31
1380
135
1381
1235
1283
84
29
137
49
1434
69
1332
1330
32
1254
1244
40
1364
36
34
54
1364
1259
1285
170
1417
1347
55
27
34
1279
1250
1294
1329
1424
1253
29
1343
1256
1312
1308
33
43
55
1275
1299
1272
27
38
38
1256
1294
1347
1419
28
1361
1362
1356
35
1408
1356
24
33
1220
1470
1297
54
1240
1326
1407
1238
1292
1375
25
59
25
50
1371
1183
1436
1205
1348
34
29
1433
1296
33
1192
1167
169
1263
1378
1278
1307
1226
1229
1300
1216
1326
77
95
85
38
1276
25
45
30
1298
1231
1180
1247
30
46
1370
1297
51
30
1438
1354
111
1303
29
30
92
1469
1443
1307
1241
1317
1414
1571
39
26
1465
1449
36
123
1253
50
87
1291
1348
1244
1189
1218
105
37
1326
48
1329
33
1231
45
31
1310
32
1463
1245
1279
1323
241
35
67
1292
1265
1423
1496
34
42
1392
1324
38
40
214
1394
1334
1333
1273
1342
1330
1397
1390
55
36
37
1258
54
1191
1406
1346
43
47
30
1290
1277
1237
2068
40
101
2250
37
41
2201
1247
37
1363
28
61
1376
1377
1445
1697
1441
1305
1251
1233
1176
1300
34
1214
38
29
49
1316
1472
45
1357
37
26
1289
1415
183
1283
68
1359
1268
1372
25
1362
44
1355
1345
42
24
29
40
38
1385
1370
1355
1356
97
1390
1327
1272
76
26
1373
102
34
1293
1398
1292
97
1258
1275
108
1202
154
36
25
1313
1379
91
1408
27
1254
1313
1281
1340
1285
1537
1359
1408
1364
39
30
1336
120
63
1387
1323
1326
24
33
72
1206
1283
1215
1275
1260
1214
36
32
34
1333
1370
35
25
1295
1371
1386
1226
1295
31
1357
1303
1276
1478
2219
1871
1397
1495
30
1280
43
25
24
240
1184
1193
1273
1226
24
72
24
27
39
1318
1304
1276
1209
1221
1160
1427
37
1445
36
56
1259
1367
35
1169
1419
34
139
1282
1330
1258
1354
1342
1395
38
35
24
1363
1431
1209
1256
1371
90
1524
71
1432
1310
1380
158
40
1320
1382
1415
71
86
1341
34
1350
50
34
31
1407
1438
1297
1257
90
43
1241
158
62
1422
31
1238
1182
1351
35
31
1262
42
1305
1251
64
2335
1453
1251
1246
121
34
1306
90
1389
30
32
161
1473
36
96
1432
54
45
1430
40
1304
1274
1224
32
34
1374
1504
34
1469
29
85
43
35
1330
1379
1203
68
214
1256
1421
30
1268
141
1268
1338
1377
1340
1222
33
40
1374
90
1343
51
1302
35
1199
35
38
24
1193
1230
1180
35
1277
1302
1198
1266
33
35
77
49
1292
48
1459
31
52
158
1500
1417
1233
29
69
1247
55
32
1271
34
51
1367
1284
34
34
1213
1308
38
1359
24
1227
33
1192
1304
1256
161
33
1294
107
1232
33
1371
1221
28
35
1237
139
1209
1284
1331
1207
1227
37
1187
1257
1271
1306
61
38
1301
30
1216
56
56
1298
1318
53
59
1352
31
43
1568
77
1480
1198
1325
55
1281
29
37
35
1319
1280
1209
1342
56
1294
35
31
1228
72
1210
34
45
34
1178
1300
40
1261
1314
1166
28
36
1270
1192
56
1183
67
1265
38
1281
1257
1372
1215
1294
1220
1310
1218
1324
1247
1261
1322
64
29
40
1282
1254
50
107
1244
139
1382
1276
1191
34
1223
1267
48
1195
1284
1178
1179
28
1199
34
1269
1227
1305
139
32
1238
1254
28
1236
1281
24
1316
1188
36
27
1287
105
1170
1259
1596
78
44
1337
1335
1297
34
1271
56
54
29
1294
1265
1257
34
39
1228
1257
1232
31
1269
1282
1321
1223
1374
1285
1294
1206
1314
1219
1173
29
30
170
1252
1371
1312
28
1201
1256
99
1221
33
1292
110
1206
1175
1260
1306
1209
1237
1183
1261
67
1313
55
138
1300
1098
1228
1303
25
1376
1226
60
1306
1338
1229
1289
34
28
1359
1264
1212
1264
29
1235
45
1183
1217
1217
1232
1257
30
1233
29
1383
1318
1297
1305
1274
1332
159
1156
1282
28
35
1166
35
1243
34
1249
1236
33
1269
1332
1357
1196
40
89
1205
1233
32
1160
1304
1219
1237
1195
1195
1208
33
1316
29
26
72
64
1218
1303
34
1301
1219
40
1291
1155
1225
1249
32
51
1283
36
52
1384
26
35
40
1314
1255
1193
1303
1278
1181
1232
1306
1309
148
1277
1572
1295
1313
108
57
1198
105
30
1325
1198
1263
92
1377
1281
1161
1161
1332
25
36
1249
1253
1289
39
28
1260
1244
1341
32
1336
34
24
40
54
1264
1284
1239
1243
28
47
36
1280
1203
1238
1174
31
27
1357
1297
111
1252
39
30
1892
49
103
1873
66
46
1667
32
46
1168
1335
272
1240
1298
1215
104
1190
1215
1303
28
1288
24
1348
1274
1385
24
1262
1219
1163
1330
1255
1311
55
43
24
36
1214
1275
59
1254
1252
1270
50
1248
1202
25
109
1340
1317
1234
29
1272
134
55
1261
1258
1257
1361
27
1293
30
90
1381
1261
1316
28
1178
1328
28
1211
1343
1250
1145
85
1234
1326
1188
1250
44
35
1263
1179
1217
1273
35
1282
25
1273
36
27
1215
29
1251
1209
1297
1259
1222
1359
1339
1264
1296
1205
58
1293
1311
1276
1293
25
35
122
1224
28
26
1293
1240
103
1251
39
29
38
63
31
1320
27
1241
92
29
1217
1311
1325
1155
1235
1256
24
1173
1166
24
1355
1254
1216
1256
27
39
32
1207
1350
29
1309
1299
1199
1352
1292
1294
39
1208
1219
89
1247
1307
1190
1364
1242
1360
53
1356
1291
1318
1280
1252
1198
1252
24
1235
1255
1365
1204
97
1271
1261
1312
1313
1218
45
1362
35
1280
1213
1315
1213
1183
1373
1234
34
1249
1365
1371
74
34
1234
29
43
24
1357
33
33
1310
24
33
29
1299
1295
1258
1259
1253
1383
29
28
28
1253
1224
1314
1365
1709
52
1341
1365
47
1290
1229
63
1187
32
38
1319
33
1341
1325
82
1253
36
1296
187
49
1194
28
91
1223
1329
36
1363
28
1351
1300
1380
1358
29
36
1363
30
1188
50
1220
56
29
25
1289
1208
1326
1204
27
1331
1157
1248
1290
29
1264
1288
1254
1173
1256
1216
33
1272
1316
1301
1325
1338
1217
1217
1214
1165
1171
1179
1321
33
1278
67
1214
1152
1248
29
1308
1232
1274
52
43
1272
1346
37
1303
40
1226
40
1257
25
1273
27
28
37
1227
1223
1246
1265
1255
39
1264
1191
1231
38
1335
39
1219
1287
1261
1251
1258
1303
1271
1285
1285
1330
1272
1290
26
1274
55
43
40
28
94
1300
36
86
1306
1350
24
1284
1376
1316
32
1196
90
84
1294
1151
24
1324
47
1321
1295
1282
52
1263
39
70
1257
1335
59
31
1246
38
1319
24
1317
1236
1223
1429
54
106
40
1303
1310
1170
1161
1243
1199
38
1166
1221
29
1244
1298
30
1286
29
1258
35
1203
1280
27
39
172
1230
1264
1292
1298
1274
29
1222
42
1343
1327
1173
1210
1272
1293
51
1273
1284
69
27
1287
50
1248
1355
1345
36
1500
62
160
1449
1312
1313
1233
1350
1263
1313
31
1346
1326
1370
1153
1342
54
39
1266
1278
1249
136
1207
1218
25
1307
43
1217
1242
102
1314
41
1206
1292
1279
1269
1330
24
91
34
25
128
38
1268
1197
41
49
79
36
34
1177
1243
1297
35
1211
1342
1177
28
1307
26
1212
1323
1351
43
119
1225
1277
1226
48
1301
1288
65
1353
1327
35
1270
1258
1313
1287
1323
1310
1321
1160
37
1187
1266
1345
1163
1272
1215
35
1194
1281
1378
33
28
1214
66
1308
1220
1295
36
219
1198
1306
1285
1197
1249
1220
1176
1232
1220
1277
1357
1386
1299
1296
40
1309
31
1198
1270
39
1231
29
1244
1212
35
24
1272
105
1291
1208
1227
48
1351
44
1257
1201
1354
1300
1313
27
94
1331
1297
49
1243
29
1233
1248
143
53
1134
24
1342
1195
1327
1273
23
1326
1285
1279
1209
1245
1329
34
89
1180
39
1259
1182
1254
1309
1315
53
1160
1297
1296
1265
1298
27
1137
70
36
1387
1335
1283
1354
1354
68
25
35
1274
25
1252
1229
100
1202
42
72
1241
1278
1295
29
1207
1615
1520
72
1290
1301
66
1159
1241
28
1269
1344
1170
1437
1329
28
1222
1229
1333
1297
30
27
25
1234
28
78
1281
24
132
38
1232
1298
1215
1359
1235
1300
34
1279
1229
29
1181
1289
1318
1232
24
1309
1238
1374
42
1200
1328
34
116
32
169
1216
1217
1238
34
28
34
54
1233
1307
37
1266
28
57
1259
26
1333
1228
1309
1284
1306
1430
2673
57
1856
60
1379
30
43
1450
1369
58
37
41
1332
37
1553
38
144
29
31
1298
1276
1347
1249
1206
132
1519
1497
1382
1251
28
32
44
60
1475
1354
1585
1316
32
1288
35
1266
36
1409
1411
1264
104
196
34
1205
29
240
1266
1251
1441
33
53
1293
1301
1187
1224
1302
25
35
1188
1198
26
92
1222
28
1164
1202
1354
1352
40
57
1500
1337
25
1297
1471
1166
1273
28
1209
27
1229
1343
46
53
1318
54
241
1352
1387
1463
1446
1223
2103
1447
121
40
1485
1381
41
1514
1289
1239
1276
1383
32
1306
1413
1611
1324
1266
31
102
1292
34
34
1389
1466
1330
1252
28
1216
1260
1200
1139
1283
102
1269
65
1303
1287
1199
1295
47
1174
1187
1335
143
1331
24
79
1237
1364
1264
1269
1262
1295
40
53
40
1206
1225
1149
1263
48
1218
27
1172
1308
1349
2261
1451
1372
1334
43
93
1275
1373
1376
1263
1255
1215
44
1558
33
1313
1312
34
1276
122
31
50
29
39
1558
25
30
1281
29
1297
1226
86
1405
35
1400
33
1324
40
1315
33
1229
40
1238
24
54
1247
1312
39
1307
70
25
1222
1364
1317
68
1329
1235
1278
97
143
1263
31
30
1260
1323
42
27
1233
1231
1272
1232
29
53
1252
33
25
1185
24
1231
1292
1178
1216
1408
1168
1362
1338
1271
1264
1213
1173
1183
1213
245
73
1245
78
1207
25
1292
1316
1214
24
1217
159
1285
1294
68
38
32
135
1221
1183
286
1235
1191
1148
33
36
1229
1168
29
1280
1250
34
1266
1240
1681
2492
1546
1275
49
34
1309
1213
1295
34
1213
1469
1521
1390
1306
26
1352
1187
1370
1301
1308
1238
1234
1277
1215
37
1157
29
1212
1248
36
1254
56
1173
34
32
186
24
1163
1350
70
1269
233
36
1268
40
1359
1207
1311
1286
1178
39
49
1242
49
28
39
1225
1215
202
27
1236
1345
1286
1309
55
1343
41
1351
1342
1291
95
1262
1715
1435
1298
1372
57
1195
31
26
25
51
1223
1247
40
1578
1250
1234
1278
1404
1270
35
1308
1220
32
1775
1671
33
31
1280
1178
37
1253
29
1242
1252
31
1251
1268
1293
40
1223
33
68
1163
1290
125
24
1276
31
1256
1350
24
1237
33
31
1219
54
1327
1229
38
51
1273
67
1212
1184
34
57
1195
42
1267
105
1250
67
1241
1286
1340
35
1202
1227
32
1370
1191
24
26
1220
24
27
69
43
1245
1229
1191
1354
64
1282
1230
1228
39
1237
1210
28
1260
1267
1344
1308
29
35
1297
1155
1236
1294
1223
1289
1273
1203
28
28
1308
275
1250
68
40
1228
44
1197
52
1327
1303
1211
1268
1239
1184
1269
1189
35
1261
140
1326
1332
112
1316
1311
35
29
1196
1288
1212
77
1203
1281
1314
40
39
55
1165
1341
1195
1254
1330
1305
1342
1274
35
1315
1221
35
1190
1307
1253
152
1216
1266
1249
1183
85
1158
1239
1332
98
1739
1312
1285
1235
60
1330
53
1249
1336
81
1254
1265
57
1299
1297
1245
34
1224
28
127
147
58
218
60
28
1221
1242
1324
89
28
1213
1210
35
64
95
1309
34
1273
1250
27
95
1319
34
39
1215
1258
1225
34
1204
1251
1248
1273
1208
35
29
1267
1214
1235
54
1278
29
1255
82
34
1345
38
1240
44
1267
35
37
1159
1311
1307
1296
1308
73
1188
1222
1257
35
35
1313
36
1197
1391
1322
1203
63
1273
1266
50
145
141
1188
1326
132
1267
1343
1302
30
25
1266
1221
1253
1224
24
33
29
1284
1272
69
106
1400
1266
28
1316
1273
1316
39
1217
59
36
1214
30
55
32
1299
24
45
1326
1217
1177
1236
1209
36
55
1257
1279
1234
1356
54
1388
1318
1170
1217
29
1220
67
1250
1157
1231
36
27
1227
1268
52
35
33
1243
1252
1252
31
48
1292
29
29
1191
31
1155
1252
1386
145
1351
1302
1193
1255
24
1227
31
39
1241
54
1290
1303
104
29
1321
118
49
25
24
1194
145
63
1277
36
1250
24
1254
1380
1177
1214
1311
33
1326
1294
1298
30
1318
59
31
32
1313
50
1393
65
1317
1338
1258
1335
1261
1234
29
34
1262
1317
1185
54
40
1325
33
143
41
59
35
1343
1268
1379
31
1259
1403
1295
1162
1221
41
1361
1269
1370
120
36
1239
1259
65
41
1309
1223
1267
1336
1260
1323
1369
1263
1278
1301
35
31
1284
33
26
37
28
40
72
1266
1224
1287
1227
27
1364
1787
128
93
1377
1219
45
1212
1260
1272
1277
1308
118
1239
1254
1362
1232
1307
33
1184
1182
40
180
1161
32
1299
25
1224
1218
1325
36
29
43
27
1247
53
1206
1355
1264
1379
1404
1281
1178
1235
24
29
36
1238
24
25
1166
1164
27
1215
1221
25
1304
1304
55
50
1313
149
1276
1374
44
1294
45
1264
1299
43
34
1434
1406
46
84
1275
1273
1217
1337
153
1322
29
1324
1210
28
1310
1301
1209
74
36
1213
1177
34
37
1369
34
47
1304
1251
1300
29
1321
1308
1309
35
1305
1236
1241
24
1170
96
54
24
1217
1267
1294
1805
33
44
29
1801
1519
178
1638
1860
51
25
1546
43
34
38
40
1557
1372
39
172
1347
56
1212
1311
1612
1382
1325
1348
1291
1272
1223
1206
246
1305
1540
1452
1261
1357
1386
1396
30
1550
1283
1304
1353
1227
30
37
1473
39
1310
1269
1315
30
35
1228
1363
1337
36
1230
89
1268
100
1231
25
90
1333
1420
2030
1187
1368
1329
36
1279
77
2366
1416
1306
1328
29
1431
1259
28
1647
38
1775
43
1811
1325
59
1337
54
1338
1287
1311
1223
1270
1187
1353
37
1265
1244
1368
1270
1223
25
1346
1291
46
1473
29
29
33
1375
29
1251
1270
28
38
1180
1266
1346
1183
1232
27
60
1174
84
1294
1304
30
44
1329
1411
1494
34
1463
1130
61
42
1300
1369
1438
1383
107
1315
1370
1312
28
1226
1246
1292
132
1367
1552
67
37
147
1363
1343
43
29
85
1275
1356
1333
72
69
1207
1292
30
1208
1243
69
1456
165
1455
26
1448
1368
1382
26
82
27
1243
1251
38
1369
1179
49
29
27
1226
1238
1276
1255
214
1270
28
1369
1319
1259
1268
70
33
1306
30
1403
1565
28
1863
1274
1365
1157
59
39
1820
1320
1309
1169
1216
1382
1472
1529
94
37
1350
1273
41
1347
1279
1218
1308
1190
1276
1250
1291
1436
1260
1359
35
1294
1274
1213
1172
1252
1328
1233
1281
27
1220
28
1240
130
1250
1265
54
1276
34
1388
1236
1395
49
38
1373
1232
1224
37
108
1344
1286
41
1156
28
1374
179
25
1349
30
1266
30
65
33
1319
1369
1305
1343
1193
1272
78
1303
1227
36
1233
29
33
28
1278
1246
1280
35
1288
1309
60
1257
1208
169
1269
24
1281
1309
1307
1309
1257
1307
1288
24
131
112
38
28
39
1367
46
1363
44
53
1309
1331
1334
1211
1291
1283
28
99
1301
1389
1191
1182
1294
32
1241
1378
88
1261
1570
1362
1273
33
1693
1413
45
70
56
1288
1385
36
34
1297
1440
1457
1424
1407
50
1806
1546
93
45
29
1327
40
1336
1269
1250
1225
1329
1313
1285
1264
1253
29
1249
1315
1494
1395
1323
34
56
24
56
1158
1270
46
1489
1402
1483
1373
1484
36
42
32
66
1369
1171
34
1351
1319
1367
1447
1337
138
1415
1220
41
1394
1461
1514
1264
1463
30
74
1617
37
1292
35
1216
108
54
1228
100
1315
37
1252
1393
28
1165
1260
1294
1257
1388
36
39
48
1331
37
1276
1349
1386
1345
1326
1357
1348
1206
28
39
100
29
1195
1212
1162
1276
1213
1235
28
38
1204
34
1223
1325
111
74
1364
1388
1260
34
1287
1237
37
1283
1216
1220
34
1251
1197
83
1322
65
1282
1216
51
36
1369
1368
1382
1364
1575
1280
1235
24
1359
1351
1195
89
1346
1470
1419
1548
1654
33
1484
1323
1268
1232
1364
41
27
1342
174
29
37
35
1363
31
1418
1334
1210
1234
1558
1189
1511
1453
55
1300
1182
1314
1626
1885
111
30
1570
1281
85
1292
42
1217
1311
1225
1315
32
29
1248
41
1247
1278
1480
1536
37
87
1696
1476
1460
1294
34
26
1473
30
1313
24
1351
65
1276
1261
29
1269
1271
1206
40
48
36
1290
80
1333
53
1254
1345
1442
33
49
1371
1156
264
114
1300
1276
1226
104
1312
42
1597
1484
1280
36
1287
29
1323
1353
1311
1295
1200
1241
1298
25
1309
1796
1315
1723
1558
1275
38
45
37
149
1430
1314
1322
1331
31
1257
1255
1450
37
1523
1360
1314
1426
1317
1395
1325
35
1430
1424
1428
1260
1488
36
33
1266
1287
71
1759
1287
34
47
30
1507
39
1209
25
1296
69
1192
1229
1112
1285
1166
1172
1242
176
1292
35
1333
27
1326
72
31
1211
1305
1236
53
40
39
1257
30
1264
1320
29
66
1348
28
1635
1562
1698
1453
1317
1186
1479
1273
1307
1428
85
38
1195
1331
1180
29
1285
1317
1216
1384
1213
1341
1311
1274
1169
1306
34
113
35
1214
1199
1241
1259
37
1278
1318
110
30
26
1260
1368
1227
23
47
34
40
1324
1219
35
1410
1296
1369
99
1445
1359
1355
28
54
1194
1286
1232
1347
48
1328
25
106
1370
34
34
1284
41
45
1386
1163
1154
1275
28
1245
1325
1279
1337
1292
1261
1308
1236
34
1207
1203
1286
27
54
1209
30
1184
1321
1334
1296
37
46
34
1293
45
35
1280
1345
1191
1232
34
30
1310
1814
1994
1427
1355
51
1219
39
1260
1299
1247
1580
59
36
2323
2021
1296
1393
1216
39
39
1253
1297
1237
27
1264
1381
1214
1203
45
1342
1177
1234
96
32
1306
1194
1251
1250
1221
29
1245
1231
1337
1249
1455
34
29
33
1364
1248
1311
29
1287
80
1265
110
41
1247
33
33
28
1395
1423
1303
41
1285
1228
37
1206
1312
32
33
1192
1297
34
65
33
1244
1253
1261
1366
1365
1253
1286
65
1345
1390
55
1255
28
1226
43
1275
65
1312
1243
92
1348
25
1438
26
1331
55
76
1405
1426
33
1272
1292
16
1298
1805
36
1355
37
33
1281
35
1239
35
1364
38
25
1218
1297
1243
1340
1354
51
54
79
1276
35
41
1215
1220
1367
86
45
33
1292
1357
1281
85
39
1343
1306
1273
1262
28
1191
1349
1268
1209
1287
31
1324
1209
1310
1415
2045
1315
1317
1446
102
1271
1523
1322
1516
1403
1291
1297
1213
1226
1270
1264
24
1255
1223
1243
1193
25
236
1261
101
1239
37
40
1267
1230
1243
1245
1285
1312
1232
1234
107
1336
1223
1259
1334
38
1366
1224
1277
1225
1213
1204
32
35
1252
1312
85
1270
1294
1285
1160
24
1289
24
1229
78
35
1220
34
24
1286
31
1386
1273
63
24
1253
1371
1295
1179
1259
1347
1378
1235
49
34
40
1283
1213
1320
1224
1212
1266
1211
33
1223
27
1308
39
1225
1252
40
1260
1197
1308
1208
1266
58
135
29
1261
29
1154
1240
180
1805
1382
1225
1272
1239
1274
106
88
1292
60
393
1192
1347
35
1245
86
1326
1280
1283
24
1157
1326
1270
26
1275
28
29
39
32
1267
1213
70
1282
55
1288
1298
1252
1347
1267
52
1285
1270
1304
1308
51
1249
1234
40
1260
1337
54
1286
1224
1199
46
59
68
1238
1176
68
32
1208
1348
43
38
1223
33
40
1442
1323
1269
36
1263
1267
1340
1258
1295
29
1331
41
1322
1306
54
29
1262
1750
1398
37
1227
92
39
1331
1299
34
1360
46
154
41
1276
1236
1298
1354
1310
1229
1197
1328
1301
1363
33
29
41
1434
1234
1252
1307
1293
138
1204
1329
45
1321
1226
1329
1232
34
1289
162
1211
1189
1452
23
33
34
1316
39
1140
1284
1229
1287
1237
1184
1360
24
1298
35
1169
118
1363
1367
30
36
29
33
37
1197
1353
1293
1335
25
33
1272
1358
1318
48
37
1341
44
1233
1291
1249
1243
1267
1157
1216
25
1220
1241
27
1172
1224
50
28
28
194
1311
40
35
33
40
1263
97
1303
1221
29
1283
1178
1324
1327
24
1259
51
1227
1321
1353
29
33
1259
1317
1260
1232
1315
75
1240
1203
36
35
1329
1343
1277
1221
35
76
102
1283
1432
1254
1219
1239
68
1340
1270
1167
1218
40
1273
1228
1260
1243
1341
1190
171
68
1206
1237
1305
1365
1178
1240
1205
90
1387
1339
1278
1421
171
1289
25
43
35
1290
1292
88
1316
1268
54
1296
48
34
1307
1193
1373
1413