0
783
51
765
33
65
35
74
1117
793
810
739
75
32
19
794
751
764
749
699
746
714
80
751
779
31
784
40
68
743
31
21
710
780
722
712
22
49
729
21
42
85
779
19
35
18
731
709
824
718
809
32
723
20
763
784
22
46
35
741
735
775
752
17
803
133
745
19
767
27
49
24
726
769
20
762
710
18
805
757
790
733
17
709
777
746
21
648
710
22
21
749
791
27
743
744
752
737
753
738
736
56
70
17
741
19
22
27
814
780
766
798
757
777
691
27
789
734
21
795
772
792
771
790
773
730
735
714
724
732
767
43
66
722
794
26
18
692
765
729
718
22
26
785
791
755
716
806
806
748
795
734
52
16
20
739
17
730
792
696
753
83
26
750
26
760
24
26
724
14
19
739
770
24
72
773
785
754
731
25
25
20
43
812
767
68
769
50
17
16
738
785
701
778
770
771
764
19
729
763
714
47
785
735
58
734
750
783
798
704
21
47
728
727
16
742
744
722
19
785
782
748
21
811
17
718
784
731
17
751
753
732
650
711
34
749
758
23
54
692
735
820
87
25
21
760
16
21
762
767
40
66
776
773
729
744
727
711
34
720
753
747
758
23
736
18
18
749
699
725
97
783
795
25
688
790
15
792
729
722
721
708
745
36
17
61
795
738
753
704
23
709
770
752
779
16
717
748
85
739
755
38
24
768
743
26
751
739
26
761
30
18
786
776
22
24
776
702
750
707
693
23
785
17
23
17
771
18
763
726
807
786
783
726
723
721
708
722
757
738
713
748
61
18
731
41
718
23
733
716
795
744
19
713
737
15
754
742
722
701
726
781
29
722
756
750
788
25
722
752
24
736
26
22
18
52
722
724
20
72
771
778
716
62
698
776
747
21
691
755
21
790
19
35
784
719
769
769
759
25
770
710
748
740
729
772
713
740
750
22
19
706
26
686
763
18
16
20
798
776
810
124
709
19
817
22
50
724
1099
884
724
155
759
726
36
720
25
17
787
38
49
95
752
77
747
787
773
32
845
756
870
755
17
782
803
29
775
778
725
745
726
718
739
752
753
796
727
808
741
17
708
28
13
758
763
783
701
747
767
46
727
735
754
725
770
14
708
746
768
20
17
23
811
29
41
815
770
806
757
706
23
772
757
19
776
831
747
724
790
822
739
752
26
758
760
778
800
19
749
713
730
19
27
765
35
751
698
702
801
750
54
769
778
19
36
768
798
794
725
18
12
697
22
40
85
762
730
733
23
17
26
806
790
756
27
23
26
31
777
710
23
720
22
33
730
758
749
19
88
14
50
828
17
776
750
23
22
760
753
24
743
747
22
799
17
16
734
757
27
804
746
21
762
54
758
713
743
726
763
749
796
710
19
19
765
18
758
778
21
810
788
19
804
16
779
771
772
807
788
729
21
25
18
744
712
27
35
21
744
746
16
742
104
22
25
780
744
79
18
695
18
770
18
785
16
740
729
793
779
767
38
37
26
81
712
705
19
749
27
733
763
28
759
759
747
773
708
750
23
748
804
166
18
723
18
24
761
736
700
697
28
18
740
74
702
742
19
47
746
26
755
764
86
34
1235
65
30
998
1046
763
21
722
750
780
796
781
779
26
757
863
810
717
785
749
746
760
28
755
778
19
23
773
17
724
44
752
762
697
748
16
743
18
773
770
23
778
753
23
22
32
19
784
24
17
67
765
794
743
732
58
24
24
24
24
773
37
39
763
751
17
718
19
709
21
752
29
26
19
762
34
745
26
783
725
30
795
55
729
32
786
68
760
28
24
809
789
741
26
68
16
781
23
26
731
820
17
743
16
721
26
31
62
757
728
23
703
723
770
750
22
17
719
23
16
694
119
745
705
29
785
25
36
746
750
713
787
27
734
17
17
56
771
710
797
24
23
754
22
119
20
33
31
714
801
747
739
777
710
35
19
728
25
710
25
23
97
779
759
16
20
745
36
20
27
784
696
744
788
771
85
778
19
774
749
745
774
17
19
683
784
767
743
26
818
763
18
794
739
748
731
31
740
744
766
759
751
741
24
756
35
721
790
743
707
755
700
719
56
748
758
744
763
31
20
22
793
766
786
750
22
18
26
56
761
741
29
733
783
756
26
17
754
715
738
748
768
36
85
698
755
25
21
28
20
791
42
17
23
783
794
752
765
44
770
23
762
755
725
22
691
18
713
736
90
705
23
25
737
42
756
706
27
707
716
806
36
813
35
18
770
774
795
778
748
25
770
19
770
748
19
756
753
28
23
18
744
32
776
761
739
744
747
725
58
694
40
727
739
27
768
787
807
763
19
114
747
791
15
722
744
723
16
20
34
48
791
712
770
811
16
737
26
743
16
22
807
47
27
28
732
16
727
727
750
752
103
64
750
17
753
17
694
16
65
33
21
20
55
45
757
706
27
688
777
743
37
770
26
47
19
703
65
710
27
23
61
66
968
62
57
28
1013
1201
93
52
790
21
777
745
740
714
719
20
25
747
688
39
718
842
803
22
793
783
25
45
770
62
807
784
734
734
753
811
33
49
19
760
16
22
22
787
732
18
726
753
46
764
774
792
718
726
34
68
23
735
737
23
732
21
727
712
719
699
23
21
720
749
732
67
68
769
766
23
760
742
747
20
732
18
780
16
736
799
742
779
753
16
19
774
742
778
797
720
32
761
17
750
768
21
780
27
35
730
17
17
726
25
23
17
69
740
769
721
788
779
756
23
749
787
27
770
18
744
16
724
747
758
754
26
759
748
29
22
739
759
65
18
775
799
796
800
749
720
758
704
61
22
35
24
23
24
16
769
717
26
805
30
745
24
770
19
57
779
710
769
25
19
21
32
18
746
725
17
810
744
45
722
701
70
745
699
19
760
743
784
20
23
748
724
741
729
750
741
732
721
30
747
716
735
41
706
760
707
776
70
788
44
776
705
734
746
51
726
66
737
771
760
809
775
738
759
727
695
741
18
775
28
33
44
18
752
718
716
755
730
146
22
790
705
691
802
732
20
743
701
728
778
756
28
802
794
749
38
757
26
36
754
709
723
706
796
761
19
713
739
30
697
737
718
34
732
792
23
756
775
24
19
755
17
738
749
735
255
713
732
709
755
20
739
16
712
753
60
774
16
781
800
756
24
745
27
17
68
727
756
721
744
792
788
819
17
740
30
30
789
16
25
715
791
765
746
22
733
747
24
805
23
746
18
25
22
22
763
18
23
755
810
703
749
738
723
786
24
730
34
31
1230
930
789
23
737
768
61
756
17
19
35
734
28
712
24
703
776
22
772
813
823
804
51
765
732
772
720
755
736
709
692
731
56
30
714
768
762
736
725
21
754
725
787
782
693
44
776
32
28
31
39
811
801
794
16
773
740
54
750
690
750
774
810
20
761
133
754
768
32
804
782
51
778
30
794
21
943
840
91
748
21
26
37
24
18
23
772
776
772
802
33
23
20
13
21
739
726
748
774
701
28
737
749
765
762
83
54
723
23
767
763
24
772
17
790
26
768
18
752
795
65
23
758
21
39
64
704
759
22
802
16
776
766
756
770
742
729
730
28
746
19
790
20
774
689
755
791
17
25
752
732
26
745
702
737
793
722
90
763
781
639
738
790
796
707
773
723
754
25
18
758
717
25
34
779
752
28
755
723
26
793
726
709
757
777
789
43
805
807
738
740
27
796
758
32
788
22
763
17
808
787
743
743
728
769
26
26
778
809
756
740
785
798
793
26
26
111
747
786
33
21
764
21
50
16
762
17
764
19
21
20
27
19
102
16
39
167
791
771
746
25
819
776
771
724
707
738
763
782
108
780
755
45
20
766
688
737
18
781
21
35
731
22
17
759
711
751
716
18
23
22
18
40
89
761
801
30
35
19
777
726
23
19
768
24
780
755
801
83
769
743
736
748
683
25
739
789
799
759
706
15
727
746
759
787
71
818
748
22
26
793
25
691
721
758
769
40
734
739
16
772
17
761
21
804
58
699
776
22
716
697
25
718
789
753
716
744
719
28
749
776
99
754
746
1171
32
922
781
791
726
741
813
758
747
73
778
791
756
886
835
880
17
768
743
70
744
777
27
767
806
797
769
797
23
730
795
38
27
706
786
691
750
35
800
83
767
726
880
740
150
23
747
736
735
755
717
780
50
34
742
766
756
82
782
748
18
21
697
766
765
743
702
740
714
715
736
697
752
802
18
805
19
54
19
722
28
727
772
18
24
23
804
1146
811
24
742
779
696
787
758
16
746
773
769
25
776
756
27
710
34
797
755
750
839
27
736
733
740
23
757
762
32
83
788
727
41
18
22
758
689
16
739
758
748
20
778
16
793
759
45
727
22
22
26
755
26
797
802
25
763
777
782
17
19
74
35
18
762
747
47
733
17
42
34
83
722
763
831
741
711
785
785
774
719
23
750
814
781
20
848
1191
763
24
23
804
719
64
803
790
31
759
49
20
790
32
702
724
732
752
728
748
21
790
786
19
17
786
738
72
20
19
23
779
767
25
18
722
709
54
144
777
763
734
817
734
22
27
751
707
762
775
44
85
733
18
744
61
40
756
775
754
758
734
18
18
734
27
779
33
766
755
777
738
32
57
808
97
723
23
24
19
23
52
766
21
720
697
733
734
751
744
799
65
22
700
30
759
729
764
742
855
793
47
740
21
758
28
778
764
740
725
727
690
25
18
754
786
64
766
779
18
773
726
753
60
17
718
730
732
22
739
720
769
30
747
721
738
782
744
17
760
768
724
731
735
16
65
17
106
733
19
757
18
34
723
736
758
23
130
763
744
17
20
793
21
22
722
37
709
21
18
48
757
706
759
31
800
751
760
36
758
26
756
777
24
26
23
722
734
22
787
695
742
743
758
23
20
740
19
795
692
751
776
736
34
25
710
21
20
18
82
747
29
26
812
24
34
34
16
773
758
742
760
759
28
749
791
756
718
749
105
25
17
776
20
770
18
40
768
69
33
785
16
52
21
730
19
769
770
53
781
716
726
47
17
22
731
20
737
1078
892
751
786
712
798
740
28
766
781
722
17
755
763
21
795
797
53
16
733
22
764
787
719
29
746
717
26
752
770
792
19
734
25
43
880
80
886
50
22
752
124
26
17
801
31
17
25
22
26
59
27
822
787
793
84
60
793
701
761
757
781
61
762
717
27
772
735
714
771
741
744
730
17
18
789
19
28
24
25
759
742
18
750
755
37
66
712
693
755
64
83
803
23
30
83
104
18
715
791
757
106
42
749
23
734
761
774
761
742
19
813
789
757
712
706
726
26
789
708
745
763
721
721
712
720
735
759
732
754
25
18
84
58
716
20
35
736
24
19
757
766
753
794
727
35
788
24
720
806
718
720
776
740
32
21
750
774
763
751
812
23
764
16
21
766
780
90
761
794
750
76
794
689
762
705
28
735
755
716
794
782
710
759
30
721
754
16
37
34
22
26
77
774
789
761
724
734
764
735
799
783
21
25
786
732
748
21
798
19
779
22
26
771
760
743
34
16
24
767
23
773
30
650
784
781
735
758
740
809
786
754
782
813
752
82
22
25
25
126
16
17
18
26
20
717
771
16
757
712
742
719
20
729
791
20
791
18
753
126
786
802
22
32
23
778
38
739
791
1102
952
23
39
771
796
761
762
720
741
796
58
24
728
823
64
20
795
750
847
31
805
795
23
20
19
58
759
714
70
755
92
22
694
26
29
780
727
42
79
781
785
28
811
753
767
780
762
752
724
713
745
43
798
66
740
807
746
27
19
748
18
23
19
717
723
730
89
720
102
54
715
781
68
760
744
21
778
718
762
805
804
707
20
17
22
737
760
27
721
741
756
752
20
707
774
725
31
72
33
18
753
693
722
719
760
42
41
743
702
25
732
728
805
753
797
16
719
719
23
760
60
796
23
18
747
817
797
743
49
745
734
748
16
726
806
766
792
19
88
718
53
762
777
44
26
786
765
777
757
16
802
758
759
22
752
711
26
717
743
24
694
776
754
24
767
89
774
731
729
710
781
17
730
22
757
807
773
708
713
20
717
739
754
768
786
757
726
693
757
719
810
31
58
19
754
766
21
25
19
721
127
744
698
25
16
720
77
26
23
19
768
731
720
705
749
26
745
745
17
734
26
711
115
783
749
17
16
808
19
52
753
794
56
54
775
61
18
22
754
808
764
718
794
761
63
750
780
714
786
26
755
716
794
742
20
754
742
744
797
734
25
747
692
20
749
758
690
752
23
718
757
712
767
16
788
692
22
16
17
35
759
816
23
768
772
19
719
27
779
32
758
773
792
42
722
24
44
30
763
18
31
746
25
726
699
22
778
60
725
751
26
732
732
730
800
779
16
30
744
20
760
774
19
21
16
20
20
774
708
24
23
15
754
18
743
740
20
788
709
691
696
796
31
768
744
757
978
901
28
717
22
21
34
109
799
748
718
26
803
21
777
22
768
77
833
24
39
775
728
16
725
19
734
785
789
742
755
758
24
770
730
60
801
21
769
16
53
789
22
713
17
744
23
31
773
18
697
705
758
772
22
25
23
759
29
789
18
730
748
23
16
723
18
26
34
756
794
18
727
90
782
23
748
693
755
704
36
731
741
739
703
728
58
25
784
774
20
798
715
16
748
23
744
780
49
712
40
716
711
19
748
21
21
699
31
24
736
55
810
16
18
754
702
21
16
717
21
749
690
759
787
765
738
34
19
756
25
18
734
689
18
787
21
25
16
24
26
94
18
793
772
723
34
34
696
778
16
16
28
23
768
749
794
46
756
16
755
780
754
22
758
26
754
734
17
18
767
729
16
60
773
16
774
24
40
36
33
767
782
776
712
62
806
726
762
26
22
23
702
733
761
36
796
727
51
30
754
805
813
751
776
35
721
708
777
693
702
716
17
735
35
718
748
753
725
36
109
764
794
776
745
20
792
22
744
785
753
717
25
21
792
20
732
707
783
18
21
81
19
763
721
30
770
768
18
758
762
20
25
20
790
27
757
809
779
744
19
763
754
788
25
31
16
729
815
19
19
775
23
26
806
731
16
44
711
18
742
19
768
22
26
732
704
772
720
727
714
761
24
810
25
739
724
723
728
753
782
25
688
18
763
758
29
715
24
17
800
735
742
804
22
749
738
755
724
22
720
775
718
775
774
779
779
17
763
731
718
756
22
774
769
779
735
18
43
22
749
696
707
726
21
57
777
793
33
34
23
87
748
26
741
16
790
744
22
788
89
753
727
79
16
731
760
751
22
34
755
764
738
1148
844
735
707
792
771
762
21
714
760
757
730
768
55
756
819
771
768
794
17
21
785
28
726
657
91
794
791
736
17
25
747
714
792
16
758
694
790
16
735
31
755
753
742
772
798
22
19
792
818
55
760
756
27
136
733
27
19
790
762
780
24
762
23
742
739
25
21
733
64
780
34
777
748
747
19
720
734
19
745
25
53
25
790
23
28
736
748
28
22
778
727
748
804
19
776
16
789
73
812
759
773
750
770
774
20
724
711
22
19
748
26
733
752
763
24
740
19
751
15
716
706
758
26
64
764
94
767
787
743
64
20
22
811
17
714
23
27
761
784
716
66
16
692
22
766
22
738
751
782
766
749
757
776
27
750
25
780
742
737
815
767
798
787
739
17
733
759
743
32
735
21
736
762
736
25
21
741
751
742
750
700
18
779
767
715
750
21
22
19
734
725
748
17
789
736
20
23
19
61
21
727
21
20
740
757
766
16
710
18
768
725
723
698
733
714
781
19
41
19
793
18
787
236
31
794
16
57
746
42
743
752
714
740
749
730
16
713
713
716
22
749
42
21
764
16
712
18
782
817
788
36
780
51
27
752
771
782
778
36
732
16
18
26
791
750
784
749
22
733
17
783
777
775
785
33
741
25
786
787
710
22
56
18
797
23
743
98
756
762
728
755
791
690
18
744
25
23
779
18
719
731
16
731
764
732
721
787
119
745
23
725
109
721
738
767
776
23
697
750
756
749
782
44
23
781
753
743
717
754
16
707
737
791
21
740
729
742
749
32
783
1096
918
50
32
21
882
99
756
756
743
20
753
752
22
719
38
36
743
23
13
748
759
18
24
777
792
840
21
17
710
18
698
751
718
743
31
18
738
744
11
22
760
748
721
64
23
30
736
727
18
27
729
792
767
751
68
783
804
32
19
734
22
745
805
52
28
757
21
18
67
35
781
23
776
761
721
788
767
746
735
127
736
755
701
20
36
738
785
781
700
779
780
104
752
752
747
779
54
20
763
57
734
718
741
105
758
783
706
769
671
784
744
743
22
755
786
20
836
794
55
773
16
734
792
21
723
800
726
17
760
755
738
146
740
20
21
777
736
17
729
29
22
783
756
16
719
764
16
733
16
790
723
72
739
715
22
734
752
723
748
51
805
724
731
728
33
713
774
35
738
29
727
755
33
746
723
729
725
754
817
45
11
26
757
44
753
778
747
16
66
746
21
766
21
10
20
773
711
719
750
24
761
799
802
85
22
780
770
756
26
16
22
26
712
16
747
756
26
730
718
22
24
734
84
684
34
782
780
739
71
755
801
764
791
748
20
725
704
734
58
712
30
19
746
788
774
781
31
95
28
777
21
714
779
773
780
743
792
801
713
734
17
803
22
700
82
17
741
747
722
16
721
16
729
16
770
16
751
18
749
762
35
749
741
22
755
751
726
717
733
732
726
21
724
17
27
22
752
25
722
749
30
27
64
22
18
724
732
16
20
733
697
775
34
55
20
48
760
27
25
91
23
793
757
696
697
28
743
781
19
790
779
713
18
21
90
32
796
25
776
20
756
718
741
767
125
19
718
19
767
25
741
34
19
709
22
745
747
750
27
22
730
753
60
800
45
729
23
17
31
19
19
42
18
796
740
774
208
781
21
743
22
728
749
740
768
780
799
22
23
784
741
23
79
31
58
754
756
747
754
21
727
765
830
23
729
23
772
132
750
23
23
755
765
807
738
11
715
78
18
21
785
23
786
744
726
742
23
773
718
739
724
752
738
714
62
20
17
768
35
19
36
778
15
18
737
16
727
755
768
710
17
778
19
768
19
1107
31
763
15
767
24
738
698
756
774
18
702
763
73
806
748
37
31
802
716
751
19
767
28
123
743
771
816
738
762
18
718
719
722
753
711
19
22
793
20
759
30
757
735
55
19
717
17
744
22
743
783
774
72
828
811
36
19
767
731
18
711
715
751
736
713
775
767
740
762
19
726
764
713
724
721
737
771
784
17
780
687
744
24
756
695
725
755
700
797
48
16
28
19
22
783
748
26
795
27
762
16
735
799
742
762
795
761
761
745
725
734
20
782
43
18
732
744
707
690
30
795
774
20
90
777
662
726
691
725
764
26
22
24
715
788
31
710
25
794
86
723
20
720
23
781
770
746
18
19
698
769
23
36
725
754
727
732
21
761
31
734
716
796
713
35
754
23
749
789
785
736
754
20
21
751
20
751
23
712
766
726
835
28
94
762
778
776
765
44
18
756
716
747
805
57
45
727
16
749
713
761
21
30
778
797
725
747
770
772
748
747
791
743
749
796
774
778
776
794
19
21
734
762
790
702
737
18
724
793
139
18
22
716
724
805
20
751
742
18
730
22
755
766
17
722
33
709
720
31
46
43
1139
712
751
733
731
18
803
796
747
768
743
46
731
782
35
776
766
690
17
16
790
742
35
735
697
716
738
55
724
743
764
728
709
678
773
778
22
24
26
730
35
42
35
740
62
34
751
735
19
771
787
24
21
733
731
29
738
731
686
106
708
750
786
26
29
18
742
22
19
694
20
744
751
787
736
705
708
19
720
786
102
25
806
771
775
764
747
750
739
23
746
720
761
733
38
746
783
793
17
779
754
752
740
82
65
15
22
61
692
759
696
711
696
801
735
806
767
772
727
769
53
21
727
22
730
732
746
691
798
31
23
120
766
715
812
771
735
779
761
740
724
16
729
18
34
20
754
62
723
758
765
757
707
17
21
16
64
747
716
16
738
723
767
22
747
22
701
780
707
19
27
776
86
20
27
816
734
751
31
775
731
43
27
28
21
782
47
735
785
761
20
23
21
29
802
763
53
23
770
27
795
789
25
746
30
742
778
726
737
726
756
16
774
800
751
770
771
22
23
19
780
773
184
19
17
760
28
771
34
777
18
741
25
23
727
19
35
776
25
26
752
125
19
26
716
719
22
18
23
80
745
83
749
709
32
708
757
751
48
755
44
25
803
716
22
694
767
760
707
730
723
22
737
744
725
25
20
119
800
19
759
713
723
791
25
711
19
816
16
738
736
742
812
794
16
723
16
16
798
57
707
736
702
99
745
763
26
725
16
24
757
63
718
768
803
22
794
725
20
16
751
695
22
23
756
25
757
816
779
68
19
752
706
693
749
736
17
773
36
733
25
82
708
16
18
716
724
21
22
19
785
750
718
772
763
21
21
790
742
1176
760
34
37
741
731
771
766
763
763
788
18
724
22
830
795
756
770
783
747
82
23
757
25
18
25
770
725
17
757
19
734
800
729
751
715
690
22
713
803
731
14
755
722
83
23
754
23
728
25
774
799
748
806
755
740
59
747
14
22
773
23
25
17
753
753
751
20
734
721
776
96
746
783
768
729
761
23
43
43
802
22
756
781
18
28
18
746
721
753
784
21
22
764
25
16
776
57
19
777
732
808
745
706
20
726
706
19
739
738
85
27
720
731
747
22
22
749
769
725
723
712
769
760
168
23
750
22
786
26
24
32
708
20
812
769
782
819
790
20
718
36
802
725
741
22
25
18
751
114
19
22
730
767
825
844
762
761
23
756
804
23
746
808
82
20
59
26
802
20
778
739
740
38
68
19
23
717
20
19
24
16
23
746
776
781
736
777
749
775
735
768
22
21
783
19
739
762
730
23
757
18
11
738
735
752
693
19
786
30
718
735
41
728
782
714
22
777
691
740
762
750
18
743
796
756
792
746
703
20
786
16
780
807
757
21
19
765
20
19
764
20
737
18
731
741
27
777
752
745
26
754
743
35
23
783
760
724
693
747
22
25
774
28
22
746
55
747
822
769
707
807
766
758
34
761
713
776
756
26
714
79
83
20
31
742
18
23
36
734
20
723
772
17
23
804
781
41
754
758
25
710
25
57
743
25
42
85
790
745
16
744
727
82
32
811
30
717
20
20
46
16
749
28
701
40
731
753
25
776
761
710
769
19
19
18
27
708
20
705
748
18
770
13
806
801
40
808
36
804
18
17
797
17
781
696
774
23
756
16
749
758
24
801
30
17
930
73
22
762
813
41
708
776
743
712
778
27
26
762
711
750
19
89
753
704
766
770
735
699
69
714
725
748
753
21
763
703
50
15
727
755
732
808
706
789
716
761
28
17
715
781
22
773
750
19
751
786
24
724
813
738
18
19
690
46
20
729
66
691
777
16
751
786
709
786
19
808
803
720
743
19
767
32
19
790
714
735
33
737
755
685
20
800
52
21
712
698
696
773
43
690
771
27
738
744
767
747
25
751
21
754
736
17
729
64
709
753
792
704
18
769
797
689
23
791
36
750
807
716
813
788
752
817
785
26
35
32
26
16
19
721
754
18
736
21
65
724
777
809
742
61
20
738
750
756
44
772
19
753
11
747
718
756
20
728
749
713
778
790
810
65
90
22
19
22
730
764
710
758
725
822
805
708
18
18
757
40
742
692
37
25
736
691
767
707
757
52
21
713
756
726
22
734
741
806
732
763
18
714
747
38
23
35
734
21
770
770
805
720
27
31
768
730
769
19
726
19
23
699
751
18
735
771
30
17
25
746
18
36
774
20
24
753
752
25
25
23
765
764
767
26
745
765
701
795
56
787
719
33
737
732
823
20
728
756
769
753
17
774
28
734
719
28
55
732
737
796
782
746
693
726
17
16
725
18
22
777
775
748
705
729
693
20
741
796
772
740
756
700
17
718
771
779
116
93
744
787
739
21
22
744
702
742
705
712
741
61
765
19
794
696
23
701
25
777
731
755
744
52
749
751
775
715
735
792
811
778
744
949
1021
29
19
35
827
772
775
746
741
32
799
764
765
16
69
25
58
739
794
803
26
826
784
23
770
699
730
23
742
20
756
672
794
775
740
170
37
32
820
18
19
754
779
819
27
763
726
761
759
23
761
788
732
17
21
35
791
798
731
811
734
34
719
778
803
766
734
748
739
18
794
51
54
760
22
16
788
139
702
736
761
754
21
29
805
23
733
759
810
119
717
732
780
718
22
31
797
730
760
752
782
784
730
31
28
85
779
782
703
791
720
701
26
24
782
760
764
87
774
29
21
800
747
18
706
795
752
800
803
789
76
166
838
95
782
47
762
722
806
219
725
64
775
52
734
811
48
765
25
74
791
745
708
754
724
780
736
745
16
743
778
805
765
756
30
15
61
743
735
742
768
730
727
54
699
698
809
717
17
23
21
755
756
730
749
744
21
715
20
774
49
36
761
690
23
35
691
742
34
766
804
783
120
772
745
798
53
777
22
795
18
771
771
33
21
26
811
776
716
771
752
792
57
715
19
71
761
789
23
20
773
26
23
43
50
766
746
45
805
29
23
64
730
717
47
16
62
17
60
23
718
786
785
741
728
13
28
697
774
19
17
26
781
730
45
761
16
20
757
16
84
709
744
754
22
786
698
780
751
709
721
773
762
787
20
17
755
745
51
19
740
43
724
22
96
721
17
23
17
694
749
776
36
716
22
716
723
28
714
731
735
740
786
23
54
723
731
18
823
808
22
750
19
730
740
46
24
739
64
20
719
702
746
797
756
758
813
750
775
751
739
704
740
751
732
17
781
714
763
788
738
758
18
779
783
766
31
746
20
746
757
735
717
781
24
720
61
766
776
25
18
725
27
728
35
58
44
19
24
803
64
761
803
750
18
40
724
151
793
766
30
25
34
728
737
20
793
23
772
804
742
804
768
747
20
798
741
34
732
50
690
764
777
764
16
758
762
724
59
58
811
795
763
24
791
747
1054
784
717
797
751
46
730
739
726
24
733
723
748
729
778
44
720
783
742
731
730
44
767
51
712
26
22
61
804
754
787
750
716
56
737
18
763
739
23
703
35
717
792
720
746
730
760
715
744
754
744
738
824
819
786
21
759
17
34
24
808
788
768
18
83
768
25
743
721
19
767
805
27
703
25
764
16
696
795
815
32
796
22
808
757
42
705
780
716
24
774
753
28
19
722
813
772
744
736
21
27
754
751
772
776
788
738
806
792
772
24
21
763
23
35
744
751
746
784
751
25
749
19
22
23
727
722
19
20
778
727
698
19
752
762
41
803
683
788
812
737
732
746
759
789
700
19
766
23
788
22
770
26
805
168
742
799
748
744
27
755
164
16
19
707
45
34
34
748
757
822
48
17
20
777
752
765
806
21
750
16
20
767
25
709
19
745
701
733
27
707
712
773
808
737
18
756
748
21
790
23
23
64
743
11
23
786
16
704
27
755
726
812
17
21
745
768
109
766
24
729
25
55
44
752
731
18
55
29
16
752
729
694
42
719
774
732
23
786
797
786
739
773
22
771
801
780
711
778
757
755
760
18
48
26
38
747
16
47
1029
75
903
772
793
709
705
66
738
24
779
697
736
789
814
18
741
755
782
817
768
699
776
787
23
743
777
762
21
754
812
36
34
43
741
748
119
16
795
693
710
19
31
776
19
760
786
752
788
54
793
702
768
813
729
768
791
743
762
15
688
754
746
726
45
726
775
763
27
708
731
768
736
23
47
767
26
756
750
768
752
707
18
721
754
130
784
116
745
36
758
748
744
787
737
19
24
720
757
707
709
22
30
739
15
22
18
758
775
15
103
25
744
22
697
65
19
744
18
742
720
53
745
33
732
759
35
20
24
746
739
20
764
18
68
28
20
757
21
809
17
771
795
648
720
24
18
18
746
751
789
812
729
756
730
32
743
23
752
20
746
748
58
703
52
735
726
41
763
21
21
66
748
720
694
705
20
775
51
816
68
779
781
28
31
723
799
727
733
816
707
752
16
709
781
25
752
757
700
692
735
778
724
37
724
741
22
730
710
17
798
719
734
38
82
22
759
729
723
11
33
754
709
60
23
17
57
729
22
21
21
22
756
19
784
748
24
108
21
754
804
705
748
22
730
726
770
748
772
754
787
22
20
47
15
119
687
697
754
14
769
785
770
725
48
754
23
732
789
24
737
793
16
751
40
793
727
780
766
793
65
705
69
762
729
761
794
25
25
712
17
767
47
728
725
31
19
818
770
739
714
18
700
17
22
16
702
730
779
707
26
727
758
64
82
21
22
19
19
20
712
754
18
24
805
36
750
778
738
22
751
708
751
739
731
732
23
776
710
34
747
704
804
793
770
775
806
742
771
732
785
741
17
45
768
23
753
726
18
65
737
25
744
687
35
19
808
762
795
713
745
751
730
105
18
16
769
678
693
736
22
22
746
82
720
713
709
718
773
20
56
765
709
18
63
793
643
782
732
738
766
20
775
20
42
16
742
805
724
761
743
774
88
58
679
766
807
756
793
26
32
703
47
825
70
1212
919
19
783
57
756
720
15
26
725
694
47
722
735
19
692
737
55
791
737
775
723
24
747
764
734
19
775
83
739
35
17
718
19
26
753
701
19
757
690
715
791
771
770
768
726
787
730
18
754
22
22
675
725
740
761
742
24
133
776
65
726
16
17
760
757
736
35
19
20
733
769
795
19
23
789
29
708
20
16
756
15
65
726
20
725
721
699
812
748
746
31
780
17
61
728
732
23
83
22
720
18
728
17
756
808
767
769
22
754
21
752
772
720
743
19
40
30
759
737
738
24
780
802
25
758
77
784
146
761
721
789
106
709
16
755
21
16
691
20
737
22
721
23
729
714
754
24
705
29
731
768
36
780
789
745
773
33
701
746
748
772
18
66
707
17
708
726
730
25
738
22
753
787
21
727
719
739
22
762
737
758
757
20
737
748
727
702
771
727
20
752
718
729
703
709
784
19
715
743
773
15
757
702
746
735
757
704
23
740
769
44
787
114
770
734
707
22
78
72
691
18
734
17
758
19
17
721
59
28
705
718
58
745
702
729
749
714
787
770
812
21
705
739
728
18
758
743
787
744
16
706
742
17
740
735
705
33
743
766
776
32
753
759
1031
50
952
722
51
736
29
713
34
747
28
757
36
740
773
787
68
727
833
97
812
68
35
25
23
744
44
722
31
738
750
764
740
736
736
732
24
17
774
765
58
778
786
737
759
768
37
801
724
76
111
808
12
807
23
798
18
25
56
792
15
746
45
794
723
705
20
782
791
722
22
773
22
771
758
788
732
42
722
734
771
739
22
32
32
723
746
788
784
730
726
31
710
750
761
746
716
22
26
806
742
733
708
772
708
71
34
698
726
754
18
744
26
24
773
779
23
806
26
725
65
730
748
31
773
715
749
19
15
84
20
23
745
776
695
16
25
18
699
55
727
25
791
760
25
786
115
728
720
17
761
749
35
705
701
758
747
755
786
776
24
711
107
758
22
784
769
748
724
712
771
739
721
717
741
21
774
23
741
759
67
734
21
748
740
711
17
761
737
79
69
34
17
744
746
24
750
18
19
25
20
717
748
16
729
688
718
757
783
752
773
65
759
25
753
728
712
797
772
738
753
759
23
58
761
11
54
701
735
779
799
717
755
727
730
40
172
21
90
735
19
747
774
64
27
803
752
28
732
695
743
19
18
19
750
739
741
736
718
715
706
761
795
22
22
20
708
736
762
774
789
21
724
789
756
718
711
18
41
725
19
763
17
751
728
755
20
802
760
767
783
770
749
800
35
25
740
725
31
789
23
716
26
771
20
720
786
752
23
18
727
34
720
760
710
801
691
782
58
51
22
715
795
18
30
740
736
25
737
700
45
52
23
21
754
40
755
733
19
748
61
702
17
26
24
745
761
711
773
74
28
40
1106
37
954
754
23
800
857
797
725
852
751
726
807
789
754
724
61
19
775
21
709
727
76
25
751
764
779
742
773
771
18
58
35
727
30
765
686
754
22
758
22
744
721
735
21
23
818
24
17
747
831
774
737
739
36
36
68
773
812
752
779
768
21
24
744
52
30
23
744
72
749
763
688
748
27
709
712
768
786
732
744
23
791
21
797
23
802
777
19
37
797
35
757
796
725
24
86
788
757
63
728
27
16
774
16
734
758
787
753
16
730
755
728
739
752
42
739
210
741
699
790
740
737
23
722
724
25
749
721
723
723
780
785
791
736
818
714
16
759
22
18
685
18
21
733
17
745
24
697
694
705
767
762
725
768
40
769
725
22
727
21
789
21
56
65
755
17
17
681
787
777
736
715
752
715
757
20
762
16
738
17
786
22
17
769
766
41
741
770
810
790
57
22
17
810
22
19
740
31
26
730
730
18
25
755
22
692
708
739
19
809
33
757
774
28
731
798
741
729
786
18
736
30
740
25
736
21
735
16
745
783
75
732
16
779
32
701
737
23
806
735
809
776
739
31
796
778
724
61
18
35
769
762
61
146
796
27
739
19
24
727
762
709
784
783
815
754
778
27
18
20
722
795
23
21
767
778
745
753
23
24
743
782
798
779
58
23
777
39
739
686
700
780
791
17
25
691
774
702
723
781
65
738
23
752
694
750
16
690
18
756
693
767
750
23
765
770
742
714
733
782
716
776
38
39
22
719
22
809
788
727
722
731
713
775
734
20
23
17
719
798
23
720
16
796
732
749
771
730
696
25
785
720
688
760
751
737
60
784
19
17
18
715
759
16
18
49
700
716
779
18
33
722
94
782
20
31
14
741
28
774
726
780
748
809
810
801
754
17
782
755
32
19
55
804
26
796
754
34
769
726
813
748
751
804
746
35
730
47
777
68
32
950
93
119
68
871
742
728
22
735
56
23
1101
930
874
74
28
752
25
709
695
28
57
783
720
737
741
713
22
772
793
755
806
783
714
688
19
725
24
778
701
714
767
36
692
792
26
755
737
744
18
790
815
790
731
753
735
800
735
17
25
740
700
130
26
21
723
37
717
742
763
777
770
727
810
805
19
730
779
744
23
747
24
20
35
28
21
21
741
693
688
56
758
22
19
762
755
807
37
816
755
23
727
82
35
745
21
719
723
25
708
743
62
22
731
65
758
22
793
24
735
740
21
760
758
786
21
770
724
33
709
770
749
763
744
744
725
777
98
741
760
30
720
717
806
718
796
58
707
21
718
21
23
775
746
31
746
22
27
810
754
726
724
18
21
96
727
57
723
18
22
23
22
26
816
773
735
740
778
19
727
20
86
19
742
75
30
107
750
737
795
17
18
697
768
808
767
751
764
28
797
785
798
16
28
753
706
705
28
26
19
23
788
739
757
741
811
726
720
34
16
85
18
772
58
724
740
771
718
27
737
23
16
733
751
765
69
18
724
735
734
22
761
756
22
28
33
759
735
713
17
752
760
716
27
742
26
774
19
19
743
21
730
750
741
733
755
740
61
729
18
16
20
23
775
23
22
721
747
752
787
19
22
20
17
752
36
1229
1074
29
910
783
33
20
800
29
737
733
720
757
37
769
31
24
936
806
38
952
789
31
726
762
19
780
740
715
732
689
784
750
56
774
753
23
26
783
32
19
716
759
25
22
33
766
728
748
790
63
798
735
713
35
25
18
58
708
29
752
727
73
765
749
737
753
20
777
718
773
744
761
708
759
701
710
28
805
16
763
775
23
18
23
803
698
21
754
34
729
24
778
19
796
48
829
749
67
761
19
744
750
129
736
37
20
709
766
83
67
719
714
82
18
725
18
784
54
753
795
712
785
18
778
762
795
22
788
25
792
690
30
741
783
17
707
724
693
752
21
685
786
808
46
738
744
754
743
755
755
714
17
741
720
67
708
737
22
780
24
761
771
697
749
761
779
16
53
57
35
23
760
782
758
806
22
86
12
24
12
747
766
103
114
721
22
729
16
31
737
712
21
758
759
810
19
19
35
19
790
709
27
90
26
34
741
783
764
739
82
772
778
741
754
16
705
763
785
24
18
774
739
799
787
46
23
744
741
692
730
20
772
718
792
737
720
21
28
60
27
795
739
21
782
738
737
760
722
31
58
720
35
756
68
28
700
781
758
705
51
782
731
781
759
769
17
18
755
746
795
688
744
766
754
91
761
809
750
760
747
796
22
23
51
22
60
714
23
773
753
757
741
742
736
124
801
708
742
742
18
751
864
20
717
745
21
35
21
71
706
753
789
21
18
22
783
791
93
19
784
747
772
43
46
744
742
748
18
728
705
23
773
745
23
702
748
716
803
738
703
745
78
777
38
1203
980
983
781
692
20
774
23
738
23
748
39
23
23
765
712
795
15
25
733
765
35
23
805
829
752
757
750
785
718
747
35
18
33
763
739
748
735
745
24
758
21
17
739
715
732
744
18
17
20
707
734
23
765
31
18
34
785
33
722
770
16
24
754
111
29
741
708
702
744
730
20
19
35
766
717
698
708
710
720
21
752
732
721
741
20
786
37
58
805
26
16
747
24
22
32
22
17
26
753
728
23
38
19
757
166
32
813
19
802
24
21
22
756
785
32
19
19
755
78
767
802
23
733
812
44
34
23
738
730
753
18
746
711
27
757
64
26
23
741
19
699
18
20
753
19
775
781
701
69
39
771
731
757
777
753
797
773
711
22
20
748
712
771
19
19
714
813
756
784
30
794
17
720
724
18
26
751
701
781
16
781
758
21
796
762
64
31
18
794
746
23
27
33
767
23
805
735
714
736
22
738
755
766
780
709
742
26
719
749
781
26
24
57
23
792
22
18
720
19
23
729
49
721
129
783
766
769
755
21
717
54
742
23
725
24
756
778
30
726
768
719
19
34
22
25
733
16
742
65
47
789
757
771
796
760
784
26
780
733
747
28
736
766
17
683
713
772
18
764
755
773
699
26
723
16
704
797
733
759
25
769
730
18
37
737
68
16
746
724
31
740
18
780
745
17
23
26
751
766
118
65
737
18
744
704
19
688
734
19
762
749
748
773
702
753
19
19
727
23
713
35
771
723
704
23
42
743
18
16
760
58
777
701
774
735
760
754
18
779
57
732
30
754
787
727
24
28
34
23
722
727
752
726
21
705
85
790
820
18
752
774
719
732
728
739
710
25
754
26
768
16
833
1126
33
31
29
24
1026
1037
28
727
27
772
796
725
23
725
20
24
775
753
31
23
16
61
805
18
761
25
994
931
27
912
38
798
791
750
790
723
23
19
756
779
38
22
745
765
749
718
789
22
771
688
725
721
28
780
119
76
778
767
776
732
24
817
728
765
32
23
714
33
72
24
745
16
18
769
25
736
764
719
770
793
25
731
731
742
61
724
785
697
709
778
754
24
725
18
756
21
719
761
723
43
746
813
22
741
757
765
50
22
723
26
711
753
22
16
749
36
778
762
34
735
87
18
727
25
747
733
806
779
753
43
19
19
17
35
11
782
750
20
765
737
797
19
738
67
728
745
766
742
731
722
772
21
742
23
17
18
732
760
45
731
736
753
767
22
791
49
27
691
742
792
747
760
34
52
728
773
744
18
786
23
73
23
743
33
22
145
757
804
784
19
802
18
746
19
808
780
19
735
27
19
737
706
749
773
124
26
23
749
117
776
16
20
737
730
753
52
773
726
20
18
17
39
773
34
761
30
705
711
738
27
717
719
96
776
757
31
777
746
808
17
755
699
58
700
724
737
747
737
20
744
721
747
739
16
745
778
42
748
728
782
745
720
790
709
750
689
698
34
787
81
26
98
650
23
757
26
25
727
791
22
19
70
20
749
739
743
22
89
24
785
706
739
734
757
711
740
19
747
769
713
44
717
68
17
731
770
712
757
34
31
759
742
737
26
25
25
713
797
774
36
717
21
806
739
754
740
26
748
19
758
36
720
745
753
24
747
823
23
32
23
745
745
16
749
729
709
797
82
746
41
28
27
758
762
26
746
713
22
1129
947
1062
959
832
37
726
766
815
765
763
787
732
862
912
924
31
71
843
21
37
134
808
23
774
786
769
794
704
800
776
742
19
24
779
735
762
793
710
714
745
21
16
17
703
866
755
714
758
708
751
746
23
713
739
770
765
753
16
17
782
732
718
24
33
757
25
711
41
749
34
15
45
16
735
771
801
763
727
44
739
710
25
742
34
19
725
23
26
783
782
768
19
780
705
34
792
33
768
725
772
16
766
22
710
798
784
707
72
757
746
38
784
720
760
736
21
798
30
745
17
42
23
750
754
779
21
750
19
763
717
747
18
742
73
751
792
737
791
748
838
207
810
688
20
775
59
721
23
23
732
734
801
789
29
711
797
717
21
26
740
21
808
20
22
716
19
734
724
25
28
714
19
745
783
786
764
711
797
759
707
779
755
27
762
746
741
22
19
740
712
731
17
757
25
23
26
735
34
753
750
721
715
812
746
731
688
756
23
744
34
72
740
687
22
750
758
18
724
30
743
739
23
712
786
754
40
780
69
771
27
699
723
22
776
18
703
753
24
53
34
20
784
720
727
20
707
790
793
793
21
769
771
702
791
738
27
729
24
24
788
36
794
21
749
776
770
750
17
718
24
804
747
27
766
16
767
777
14
734
32
809
806
62
738
18
755
712
742
23
751
766
20
22
19
748
733
795
47
24
27
23
755
752
761
740
16
738
61
56
697
19
50
850
741
75
725
18
717
779
828
755
729
774
828
96
745
715
721
788
743
808
797
27
60
19
36
783
716
31
36
754
800
60
746
743
17
719
713
32
71
752
810
26
21
27
732
64
747
711
62
708
27
15
793
18
776
22
693
743
753
25
723
695
727
749
755
18
735
746
19
817
797
722
780
19
750
56
755
801
798
42
38
775
771
714
769
756
734
24
796
708
758
82
51
75
805
16
731
781
772
805
38
22
16
744
743
760
792
1071
933
844
22
775
77
774
795
763
709
705
717
23
43
22
35
762
777
817
737
23
794
24
762
23
754
36
714
732
759
24
772
760
23
739
23
708
794
746
724
794
16
725
749
829
26
795
710
19
795
761
751
799
19
751
713
794
725
744
17
764
32
67
714
738
742
19
703
685
752
86
769
28
21
803
790
704
771
27
42
16
737
809
21
34
750
18
751
736
785
699
714
732
721
739
759
26
688
18
741
30
738
744
710
19
690
728
26
21
703
19
754
754
796
17
25
34
719
739
739
22
774
23
697
28
23
791
783
55
30
736
689
22
744
739
16
35
762
765
12
745
741
780
16
711
767
754
757
763
790
28
751
760
749
773
20
788
742
769
715
728
749
803
738
702
89
735
816
32
20
771
22
719
733
23
68
739
764
21
725
766
764
717
798
708
743
18
791
34
746
25
747
23
21
26
708
738
18
783
22
722
727
761
21
26
794
751
88
44
732
21
723
715
763
769
23
743
20
747
18
765
64
704
700
43
755
47
23
85
745
730
18
16
20
25
48
17
738
25
738
708
737
96
747
704
777
35
1201
1114
875
898
724
769
47
815
772
760
35
26
743
771
770
17
825
21
757
22
21
721
25
21
746
28
23
751
768
746
26
792
739
758
774
748
95
766
731
55
49
725
759
49
792
783
19
701
30
753
758
771
814
75
733
734
791
777
774
828
19
766
773
785
709
23
27
731
763
734
20
16
725
737
22
739
760
761
23
746
18
54
716
698
793
19
27
29
40
735
34
53
91
703
753
813
101
748
24
750
767
95
772
745
769
709
36
787
1221
75
20
861
784
768
31
769
27
24
788
41
23
27
19
749
21
34
767
755
735
791
770
37
24
18
23
752
17
755
769
761
22
746
16
766
767
697
695
25
42
700
18
798
712
743
53
770
806
51
19
805
707
738
73
754
747
779
26
763
27
43
800
794
773
794
758
738
21
752
67
75
747
778
777
782
780
772
106
763
797
726
22
705
16
782
754
805
841
32
21
16
19
728
766
737
27
786
20
777
769
730
816
767
805
750
37
756
773
784
758
703
734
52
764
19
717
784
717
22
749
774
812
737
750
789
769
750
51
681
791
772
86
707
779
69
814
775
26
796
739
35
755
753
19
720
807
758
772
697
37
23
736
785
703
752
749
694
740
33
18
766
735
765
781
715
47
56
764
22
745
23
760
737
767
759
17
759
782
29
21
821
23
24
739
771
74
22
796
125
778
710
740
31
772
689
698
727
732
16
17
746
779
20
20
754
799
724
36
705
744
750
724
12
748
763
783
733
22
95
698
776
763
755
22
89
25
803
787
756
51
729
727
807
724
117
736
22
18
732
1144
962
61
807
24
796
705
738
759
760
31
697
718
30
778
798
759
764
23
754
29
740
743
723
761
798
722
711
740
749
25
775
35
717
43
759
734
26
759
17
712
23
728
26
740
25
775
711
763
727
20
798
709
700
704
719
709
749
36
794
24
756
725
740
758
17
32
773
722
817
762
793
763
34
36
767
29
741
753
768
776
755
784
752
723
23
766
20
754
31
34
732
789
772
20
46
24
21
763
751
86
755
728
794
785
781
49
690
761
748
723
756
744
740
763
20
722
17
728
19
756
33
17
725
780
82
754
22
23
21
22
83
19
726
774
22
812
18
745
746
710
14
800
720
765
20
740
781
27
773
695
41
742
732
748
759
765
749
760
24
31
21
778
701
756
706
727
23
794
18
35
779
773
740
61
784
688
758
767
23
23
794
18
774