0
757
791
708
38
756
27
794
29
818
783
22
49
25
732
732
765
767
762
767
19
748
64
79
790
29
753
23
38
788
28
786
778
54
778
768
768
38
718
766
33
770
63
777
720
811
741
25
743
783
734
735
783
776
797
765
802
789
24
60
766
782
29
83
781
64
737
743
723
50
736
54
786
59
772
819
95
786
779
59
757
14
30
732
77
39
739
758
767
85
719
41
53
732
759
29
38
140
752
742
755
26
23
749
33
90
761
36
48
69
21
772
718
786
36
21
40
753
146
61
57
704
733
744
706
72
31
794
736
49
28
80
714
35
779
730
772
752
104
792
767
742
17
743
776
758
746
76
37
56
777
34
80
719
34
49
722
745
717
14
774
70
767
788
800
34
38
785
59
718
758
768
776
40
749
768
734
723
47
738
22
17
725
798
745
792
54
768
37
795
780
785
30
35
81
758
25
733
30
816
719
18
739
36
14
744
15
764
58
33
780
768
769
45
763
784
46
38
730
729
750
741
787
744
746
739
181
791
781
73
793
752
92
141
760
731
748
20
87
50
17
790
806
753
752
157
797
44
18
773
816
200
15
29
754
747
741
128
21
90
791
29
60
50
726
764
783
17
758
30
84
17
719
18
103
791
743
745
743
736
749
1207
1048
22
33
744
760
717
67
48
754
54
738
15
733
128
26
721
812
22
800
927
837
24
846
717
740
806
738
33
37
714
19
16
736
38
782
759
722
769
779
34
796
785
732
747
156
58
80
721
777
727
796
14
726
73
785
806
34
720
736
777
797
749
759
17
757
18
751
744
746
752
31
51
817
744
214
772
54
787
731
733
772
756
726
781
78
750
14
737
28
21
769
773
47
23
54
38
21
707
766
35
54
14
80
728
739
33
743
788
804
760
60
213
791
171
730
85
777
26
22
61
20
781
797
810
747
755
779
764
815
802
743
30
56
686
49
731
741
768
756
749
736
721
34
748
731
708
759
731
747
15
763
38
738
718
30
796
128
709
157
725
747
763
752
27
730
733
756
743
68
740
792
738
17
66
781
697
708
37
766
801
18
737
26
763
724
710
813
741
17
56
1249
795
786
760
30
795
51
712
761
752
764
69
706
14
779
763
84
38
45
766
747
736
741
740
737
84
81
754
18
17
721
70
25
47
18
55
721
718
84
729
739
703
727
798
726
766
781
15
729
1168
95
20
735
751
730
764
765
769
781
780
23
709
739
788
30
23
753
814
25
29
806
813
746
758
739
71
762
801
38
29
773
85
28
116
783
753
733
26
30
806
17
17
25
54
757
750
16
69
57
35
770
41
739
757
16
766
800
23
741
741
766
91
766
800
23
30
57
791
741
28
100
771
754
779
784
716
724
57
733
763
30
29
800
787
724
764
31
36
785
757
90
750
758
58
43
725
735
14
710
741
752
721
783
59
13
23
24
745
784
20
800
747
743
23
25
743
714
710
37
730
36
752
729
22
757
15
14
763
784
31
25
744
39
17
39
737
724
748
749
16
79
755
728
764
31
754
81
796
796
19
716
24
733
724
19
796
746
777
28
760
747
20
37
750
765
29
38
792
20
745
88
792
50
763
737
32
704
773
799
57
767
28
724
785
123
39
30
729
793
778
70
58
49
803
792
48
775
782
748
30
757
70
17
16
754
18
777
816
729
736
753
745
27
81
775
745
749
808
28
46
16
775
764
39
37
18
732
33
18
758
720
799
76
48
28
806
725
757
37
737
793
770
84
67
744
792
722
14
32
778
742
751
750
719
764
755
199
41
774
762
752
792
46
722
48
16
16
770
85
25
29
56
756
36
44
750
33
767
708
789
789
741
56
782
750
734
783
37
36
755
744
757
738
51
24
793
73
741
784
798
771
737
716
755
760
49
49
786
788
24
46
741
755
747
57
744
770
742
82
768
748
709
760
725
719
16
57
769
725
19
790
751
725
750
810
1142
821
754
757
745
137
770
44
158
74
39
775
749
31
755
31
798
37
783
52
771
733
764
745
39
762
48
744
773
67
731
738
60
783
48
790
757
150
772
745
28
81
764
17
770
764
29
22
87
33
720
742
770
140
22
20
17
726
742
48
50
774
772
17
775
67
750
736
798
35
792
767
715
723
757
754
27
740
764
747
745
748
741
32
715
871
885
749
785
767
803
798
32
760
69
714
733
758
725
781
80
26
716
770
856
36
776
36
732
774
782
735
17
721
18
39
793
729
36
782
32
743
778
15
782
38
68
159
78
748
31
699
29
757
743
716
786
763
125
776
85
84
778
728
764
792
805
760
60
20
741
815
715
65
58
48
781
21
153
50
739
747
767
762
739
721
713
805
744
740
789
85
60
91
733
49
31
752
738
15
31
757
22
770
17
73
746
45
815
30
83
161
773
18
748
749
24
740
48
773
93
49
19
17
784
748
30
755
755
769
737
782
48
34
703
84
768
765
711
735
49
32
17
760
746
756
752
70
722
761
767
742
130
31
752
815
57
803
18
749
728
80
765
768
762
753
50
19
24
24
19
39
803
766
49
792
214
93
64
785
771
19
763
780
702
713
777
738
743
800
790
793
780
732
717
726
722
111
28
19
51
754
727
34
727
772
772
726
751
781
29
725
743
758
720
755
752
792
806
782
718
17
739
772
754
80
94
753
779
23
745
701
731
73
734
720
17
71
736
804
795
1045
79
863
37
764
18
726
26
49
733
739
93
701
787
774
806
35
793
25
168
753
129
779
743
708
37
754
723
754
789
808
738
118
742
770
723
755
84
77
773
46
803
789
86
787
752
778
118
805
21
30
733
27
772
707
39
15
740
15
709
50
771
732
747
768
788
747
766
748
758
773
28
745
736
747
16
747
763
711
17
734
134
15
788
775
24
767
705
745
56
753
167
732
715
770
47
48
776
35
754
16
728
737
759
756
780
61
19
40
745
28
738
25
32
766
771
60
56
202
31
765
16
727
753
772
814
29
774
99
791
733
24
39
801
743
775
37
734
48
70
711
744
22
101
60
56
770
780
46
794
60
780
789
746
35
739
761
29
723
777
26
822
26
781
729
739
741
17
779
51
739
15
769
774
759
735
746
809
732
14
756
775
757
55
756
19
715
755
762
757
762
788
125
57
773
724
751
17
19
779
28
723
246
23
20
741
24
724
16
731
732
769
768
746
803
775
25
17
766
47
787
770
752
794
787
60
38
784
17
769
777
29
788
49
23
27
710
157
740
773
795
29
792
65
717
720
14
55
772
736
38
84
48
778
778
736
16
791
728
809
715
762
758
741
772
740
26
755
28
737
23
751
741
746
790
763
739
768
735
787
52
801
730
19
733
764
29
800
707
721
49
782
702
33
714
731
783
781
14
17
58
729
29
751
90
778
741
27
48
18
37
716
115
766
22
737
742
774
48
22
24
724
44
19
802
829
1029
20
18
791
801
61
23
790
734
15
725
721
27
791
759
38
734
778
152
742
253
750
766
42
123
17
735
792
714
70
785
734
773
32
720
748
815
761
803
64
764
801
787
796
738
744
788
774
746
725
731
738
83
768
722
720
727
727
756
727
756
25
81
749
720
780
755
767
30
15
26
784
22
754
37
28
736
22
729
774
734
751
787
774
32
753
798
73
756
788
773
40
784
729
20
755
744
733
741
765
245
728
773
807
765
803
774
774
758
74
749
29
770
28
25
730
734
809
763
94
749
146
760
775
749
29
189
741
50
18
813
741
781
744
18
61
770
743
807
794
765
782
786
73
35
753
746
27
57
769
758
747
756
768
781
16
715
737
152
742
15
19
722
736
712
798
760
29
118
48
712
725
18
16
745
732
29
30
805
29
782
22
86
725
58
44
28
707
793
823
788
758
746
743
23
786
29
817
761
775
747
805
767
49
779
736
779
22
778
54
22
32
773
751
797
24
772
807
740
737
66
27
718
66
731
786
57
17
17
770
755
750
803
772
35
770
728
17
84
716
780
728
741
773
70
718
769
750
52
756
779
763
39
756
771
37
771
19
791
764
52
14
80
35
37
716
790
23
28
777
734
755
742
60
766
87
786
711
16
728
752
720
731
777
750
806
134
22
781
748
777
736
749
791
750
764
44
787
799
761
749
730
732
780
731
62
708
772
67
732
86
120
61
775
772
35
743
790
764
781
740
761
781
28
728
798
746
723
800
25
815
801
748
779
103
24
774
33
742
723
95
16
17
758
756
770
29
753
55
764
17
769
14
88
757
59
751
734
55
87
73
815
780
766
776
83
27
60
57
755
34
703
756
747
15
793
764
805
99
708
786
74
930
775
58
738
744
786
772
29
726
64
756
19
775
734
785
784
759
52
775
775
733
756
726
707
761
756
38
56
728
745
763
717
806
733
752
721
803
20
794
768
762
790
766
783
792
801
758
17
762
729
782
23
742
785
783
17
732
39
762
754
744
19
807
756
742
745
772
765
14
763
791
91
73
785
778
737
711
745
36
771
740
72
25
18
741
734
766
19
51
768
30
47
744
766
758
726
253
123
754
16
788
733
776
67
746
17
743
750
780
789
724
84
88
740
722
794
763
733
760
794
731
777
746
736
768
729
758
749
146
40
747
27
710
25
773
89
30
710
752
17
788
228
750
811
27
747
778
14
745
754
790
753
751
18
26
796
46
52
798
51
757
54
777
94
46
35
766
58
738
753
49
748
795
801
773
740
754
754
768
729
716
120
51
760
777
17
779
856
753
28
744
20
26
804
38
766
27
762
49
765
20
142
766
732
729
23
737
752
35
57
737
751
720
24
32
717
724
758
772
19
742
793
795
744
726
902
266
854
102
53
28
49
749
58
748
73
740
24
753
804
735
745
773
823
23
32
776
32
774
18
48
28
752
729
793
731
28
746
791
769
25
730
50
714
762
730
775
47
68
18
797
763
51
29
786
87
15
763
142
743
16
748
64
787
735
61
787
73
39
777
726
27
16
764
732
45
20
41
783
797
60
749
669
35
714
732
50
44
54
722
720
74
805
773
21
780
90
98
55
84
738
735
29
38
42
768
776
118
34
730
39
757
764
38
782
15
771
763
81
745
729
719
750
23
750
60
783
772
701
783
817
784
783
749
755
769
47
719
726
733
745
769
782
50
782
84
55
786
56
734
728
19
799
744
755
18
790
35
35
785
779
754
773
767
80
37
57
716
735
771
751
785
94
765
23
104
746
780
716
725
24
776
763
773
776
758
18
747
789
775
73
758
22
24
147
729
76
728
17
802
792
778
750
809
15
752
803
754
707
32
746
736
790
749
783
755
59
758
750
15
50
781
28
37
743
26
737
798
734
775
52
793
23
755
758
784
58
755
732
784
25
34
737
781
141
737
22
26
784
738
28
722
765
27
21
720
695
40
16
755
85
759
46
776
19
804
747
32
23
57
791
39
739
47
33
84
763
17
57
796
808
767
794
817
767
742
22
128
753
17
37
799
92
46
796
751
45
819
74
24
53
787
731
748
732
32
789
754
765
780
28
760
771
789
717
740
23
776
60
52
799
694
729
47
783
60
770
752
17
26
769
766
740
815
18
789
795
728
29
771
1260
60
797
20
766
780
793
787
786
748
733
22
38
747
750
761
740
18
60
790
26
34
29
17
802
36
724
766
745
772
68
739
65
17
746
730
780
36
49
25
730
28
13
49
727
721
21
35
53
744
26
767
708
756
725
746
772
756
30
19
27
86
722
748
728
717
790
153
51
34
30
742
23
25
807
55
784
49
677
39
741
802
767
17
754
770
785
50
193
786
20
771
749
789
16
711
745
778
28
706
766
752
727
753
727
29
783
760
723
19
760
790
777
76
790
30
29
750
773
52
755
17
736
50
60
797
20
51
28
775
30
756
31
778
17
19
797
48
13
37
155
56
734
19
17
773
19
17
778
721
730
793
27
799
36
15
61
791
19
798
792
17
757
768
765
29
734
709
25
115
777
49
728
35
728
732
772
768
17
713
45
167
32
37
729
734
34
19
17
740
756
756
750
744
788
24
758
764
754
26
765
758
28
44
769
720
19
751
49
23
758
726
773
19
55
756
727
768
779
60
807
802
791
749
769
750
25
724
758
88
1223
45
27
714
749
30
67
808
791
766
743
37
778
734
771
82
22
754
61
51
754
60
780
721
774
806
38
809
794
57
779
780
44
778
778
793
19
730
762
702
755
88
783
23
17
51
797
755
27
723
36
742
776
794
84
83
52
705
38
34
751
115
18
733
734
29
725
47
760
720
14
35
732
711
18
729
789
39
751
733
709
147
746
756
791
795
60
61
746
39
87
722
34
40
54
744
718
782
796
742
761
727
16
62
29
747
768
28
756
16
44
764
17
813
19
758
32
763
1130
57
812
801
771
17
90
19
69
54
776
734
735
118
761
763
731
754
761
728
761
737
30
763
775
34
55
718
56
755
799
34
745
721
35
73
764
51
764
796
782
26
15
753
748
781
793
100
758
748
231
28
767
778
747
762
55
187
76
756
715
790
781
720
761
731
742
70
743
748
98
763
777
757
763
753
746
780
739
781
781
73
74
726
14
85
26
727
743
769
27
49
19
38
79
770
29
23
789
723
760
27
731
14
763
769
805
743
25
792
18
762
748
769
739
731
25
51
158
783
792
16
778
731
206
70
23
715
30
783
748
742
786
17
785
725
766
788
812
84
20
769
23
804
26
738
17
17
737
154
779
24
152
817
791
761
767
762
782
762
14
60
809
32
90
128
30
779
705
742
50
19
772
83
742
735
53
722
801
757
800
30
158
17
744
804
776
797
745
27
770
771
787
752
769
747
758
748
764
749
52
761
737
24
158
719
704
710
715
748
50
39
37
774
785
15
766
48
31
752
771
823
783
760
733
708
750
768
19
742
16
703
727
124
779
753
750
748
756
809
765
805
741
738
749
746
775
745
728
724
728
764
16
62
16
764
23
798
94
40
777
759
40
739
32
731
739
733
728
785
735
133
121
750
759
56
787
51
76
763
782
768
17
727
36
798
789
801
48
766
807
723
703
749
731
758
49
782
771
777
757
54
17
712
784
746
752
889
138
780
784
52
742
737
16
18
756
86
25
25
755
794
768
34
76
23
49
850
789
23
783
743
765
25
798
774
707
748
728
673
27
759
785
748
794
756
747
785
762
749
780
124
732
201
746
752
52
17
803
720
729
759
718
751
28
757
27
23
758
30
56
51
79
732
121
812
19
18
55
753
755
732
15
718
731
770
18
35
780
754
42
712
755
767
34
23
34
94
54
752
713
788
768
754
30
754
94
804
720
49
48
54
713
28
15
702
14
715
740
744
776
14
736
94
777
714
17
768
741
760
766
728
31
768
784
720
61
752
25
796
103
727
732
755
60
808
784
736
732
752
754
145
763
29
756
22
770
748
818
57
99
768
769
750
45
767
115
82
68
762
811
31
798
776
767
745
797
724
750
796
783
68
765
57
35
765
752
21
734
738
746
29
785
764
60
20
728
21
725
742
37
790
747
16
53
727
716
29
814
724
733
776
761
796
760
35
25
754
64
750
794
790
37
777
27
62
779
766
773
765
761
71
753
754
27
811
790
70
764
741
161
84
30
16
779
31
35
746
49
787
714
53
54
98
716
743
38
52
73
730
756
836
24
55
55
790
745
733
728
732
19
15
19
790
19
17
743
81
763
723
824
753
746
26
732
728
37
739
807
55
760
17
803
801
788
120
804
14
766
86
19
29
752
736
792
783
37
735
749
735
736
17
725
770
745
742
73
845
785
770
46
751
718
23
780
814
48
760
793
813
777
26
93
706
746
34
14
16
759
749
783
820
790
28
758
789
707
764
745
30
793
755
85
710
736
799
747
724
34
14
773
766
773
763
744
15
54
703
778
17
758
766
741
45
745
135
784
54
784
733
784
749
778
33
27
735
24
35
784
84
49
764
733
18
764
759
28
726
727
18
752
90
797
50
769
800
752
1055
83
47
957
816
756
56
724
23
760
17
752
725
889
115
887
175
788
69
17
44
30
61
29
738
763
48
752
773
46
786
745
776
753
733
747
725
753
733
744
746
718
724
750
778
760
70
21
813
759
43
90
740
27
50
715
25
751
752
44
18
16
152
779
69
755
810
744
775
35
767
763
752
18
788
809
737
722
729
70
826
802
780
757
710
768
16
45
743
28
742
53
17
733
48
764
743
17
773
87
86
763
722
736
794
720
774
711
706
57
23
753
721
48
762
729
750
732
27
761
812
33
770
710
34
90
763
772
85
781
784
55
38
777
763
799
741
30
790
796
22
798
774
741
30
800
758
727
738
90
49
53
735
16
767
58
789
788
22
58
37
727
28
28
737
756
749
17
32
775
746
725
18
784
732
755
29
36
779
36
764
752
718
28
28
740
19
718
785
808
770
739
719
67
765
719
743
781
773
57
112
38
805
29
819
722
735
830
798
47
35
28
24
768
736
14
773
788
724
723
802
765
13
757
32
27
94
766
19
769
19
777
726
55
51
41
35
752
734
80
743
129
735
760
775
746
54
17
30
123
1138
51
39
766
728
732
759
17
762
725
732
48
793
36
135
34
29
732
790
39
15
799
726
29
774
14
29
798
746
16
745
55
753
60
753
771
55
94
728
738
24
148
771
33
53
737
780
712
19
79
18
24
112
730
750
43
90
27
774
17
30
116
766
103
736
727
737
67
115
51
710
28
765
729
751
57
764
35
736
739
749
714
17
16
719
16
738
749
736
48
776
792
28
793
49
64
706
732
27
765
772
760
723
707
760
746
46
770
737
780
732
279
34
729
808
720
712
811
707
32
88
34
53
46
746
52
767
738
727
706
713
63
792
26
736
781
746
743
761
740
17
739
23
22
802
736
27
767
742
729
776
761
784
15
28
35
36
762
31
668
760
729
39
45
737
48
738
23
755
72
754
774
776
739
769
765
784
30
18
185
747
65
718
48
752
757
70
38
751
786
761
721
816
758
54
719
84
779
801
757
55
784
31
719
771
738
85
213
22
786
757
768
747
766
736
724
744
774
732
739
23
795
51
786
94
795
726
90
733
39
30
52
19
87
757
54
754
47
779
748
24
791
772
91
733
117
764
776
39
747
796
771
18
717
65
771
722
19
69
741
775
777
786
755
749
778
27
710
28
722
14
767
16
716
29
778
767
716
35
770
719
753
792
24
744
793
55
743
772
16
740
26
751
73
778
719
36
776
777
722
719
31
17
733
727
771
759
29
745
736
60
810
50
100
16
741
751
22
730
752
19
122
786
33
58
749
163
739
796
87
30
41
28
14
750
57
709
715
752
760
763
773
731
128
51
784
769
64
731
14
760
729
19
55
48
734
773
17
741
17
739
23
722
789
23
723
748
726
747
717
787
718
777
81
724
56
714
37
716
775
720
747
24
744
31
16
39
25
780
151
15
27
768
780
96
741
743
743
728
26
726
784
730
744
745
727
761
19
742
1140
968
158
43
30
772
754
745
726
776
720
765
721
18
841
795
16
15
122
762
734
813
798
755
18
65
756
767
776
747
774
738
821
796
723
738
759
15
741
16
49
721
738
742
757
753
55
23
791
52
69
789
34
181
748
725
19
763
35
790
40
771
797
707
806
760
732
27
728
721
16
752
38
726
756
755
738
18
777
751
813
26
73
745
740
795
792
789
769
41
770
721
764
744
771
801
742
773
17
747
794
39
777
758
30
759
234
720
757
90
44
750
31
16
232
779
34
740
118
765
750
807
15
741
730
86
37
23
47
777
759
758
718
747
792
759
744
44
758
742
767
754
728
47
54
48
756
783
40
740
782
33
781
157
745
785
774
744
799
35
791
793
752
727
751
710
22
28
712
790
17
28
28
737
734
788
775
762
750
755
739
765
49
48
736
20
772
746
25
745
738
776
793
785
745
22
758
23
736
19
90
51
811
813
779
16
742
28
17
725
88
272
38
65
784
797
767
783
16
733
90
16
758
44
776
74
710
762
18
732
724
47
763
25
18
751
793
30
771
48
784
19
745
1170
94
930
750
28
734
792
29
779
20
732
788
754
58
27
49
709
723
801
769
815
26
805
770
28
725
87
22
54
782
37
708
715
65
713
57
32
70
773
781
739
744
24
17
778
26
27
26
16
748
767
765
737
763
776
775
37
761
17
28
28
711
731
779
33
770
816
802
748
14
20
19
748
87
733
714
29
725
708
708
786
746
768
784
788
766
777
80
745
769
765
17
773
771
19
776
759
94
766
769
779
714
742
773
705
812
152
805
756
784
771
715
28
753
771
14
48
42
771
760
29
17
753
786
23
73
826
790
16
772
727
14
743
809
772
787
73
731
764
732
732
762
771
735
772
797
742
30
759
742
779
752
745
717
19
737
776
750
775
787
738
23
750
716
32
783
721
25
750
753
17
173
14
49
794
712
763
795
772
732
52
764
791
736
733
751
17
742
22
28
715
807
778
807
759
767
723
781
768
39
69
770
768
782
738
37
25
19
706
25
782
49
740
732
766
15
22
777
777
723
25
770
722
741
733
30
737
796
26
777
732
33
15
789
751
771
769
753
747
723
34
741
38
118
768
773
770
15
63
799
765
802
120
763
16
734
752
27
774
772
24
730
761
759
16
769
790
816
743
782
757
771
46
742
23
24
804
709
786
737
30
83
716
738
807
746
809
759
772
67
753
732
794
756
752
778
728
29
732
816
23
1283
21
80
792
14
745
22
46
30
272
759
18
764
785
703
762
774
48
814
818
35
36
773
739
767
36
36
767
54
89
753
81
799
727
133
793
755
740
27
769
38
53
49
712
724
48
726
766
754
738
705
14
57
752
818
679
22
791
790
51
808
727
766
28
755
15
768
757
24
802
766
17
788
17
69
791
19
49
83
54
755
22
799
775
750
60
814
765
51
773
783
735
772
768
729
769
120
785
807
34
750
18
717
714
764
777
102
28
769
99
730
42
727
15
28
726
737
787
747
49
67
748
755
752
787
15
770
762
745
781
28
752
17
98
741
58
58
748
90
16
764
18
28
44
707
795
754
799
729
67
777
19
121
735
784
765
37
730
776
17
733
742
134
739
14
17
51
740
704
28
774
731
64
774
706
16
30
14
713
770
67
748
49
745
17
718
14
772
784
740
779
765
17
165
768
737
22
709
776
53
16
14
753
15
737
25
753
231
798
30
752
50
784
719
729
745
774
15
761
783
742
820
808
800
770
796
29
799
729
52
16
94
49
775
735
758
44
49
735
762
736
95
25
757
726
725
796
19
781
800
45
29
19
768
68
731
792
808
774
794
28
24
726
788
760
23
781
15
14
736
95
73
775
761
35
748
52
14
33
749
816
798
28
749
748
721
40
21
18
803
710
43
753
777
743
19
19
781
793
23
740
17
29
790
772
64
35
29
95
744
779
783
133
747
725
773
725
17
734
747
729
42
98
15
800
743
781
30
751
83
51
793
764
773
39
14
748
749
742
782
33
33
70
763
802
721
35
259
24
761
795
30
762
761
22
769
745
34
19
723
734
713
758
806
743
725
780
800
158
755
73
28
17
795
762
754
784
60
774
761
753
17
789
19
712
726
16
774
31
771
746
25
725
749
754
51
734
69
789
55
794
759
804
44
788
766
787
745
737
773
98
738
70
22
870
1194
869
750
742
740
732
130
28
715
750
803
772
749
856
34
884
34
715
748
758
739
766
16
749
714
777
799
786
69
752
728
728
74
757
65
54
42
18
784
739
808
129
720
767
694
781
757
809
17
750
792
713
36
24
765
34
152
760
45
17
790
759
776
37
761
779
792
773
39
722
756
28
88
786
74
746
750
762
118
25
708
807
772
78
36
727
58
17
727
29
26
735
32
720
715
721
734
774
73
34
15
763
749
737
761
27
28
100
92
53
761
57
18
746
786
23
34
85
772
799
715
799
782
733
749
734
782
25
28
715
783
728
18
706
786
731
35
766
54
737
84
745
751
25
49
772
778
763
14
779
718
807
766
793
787
743
732
29
17
784
734
34
767
29
17
730
730
760
748
723
787
726
745
36
772
50
150
758
31
756
715
24
755
778
718
31
713
56
814
768
739
735
792
725
39
38
773
26
736
777
20
733
51
764
58
723
14
22
17
793
79
27
726
740
83
22
736
711
776
752
17
17
750
786
752
22
18
22
57
757
773
24
716
133
27
22
798
789
30
30
740
36
737
746
754
728
812
1357
1074
1037
758
60
57
25
203
20
17
17
776
15
778
39
727
786
28
813
17
879
774
722
777
733
764
17
776
34
763
715
742
737
47
770
214
767
747
50
793
34
787
777
92
759
769
777
756
853
714
48
778
771
773
751
718
713
759
135
793
23
791
716
30
22
26
741
782
737
19
744
22
730
28
761
778
742
30
747
749
66
69
739
753
43
41
24
789
31
795
26
687
31
764
738
786
788
31
94
756
159
51
778
57
121
34
742
735
759
763
20
784
797
121
752
38
37
758
732
81
782
16
17
134
750
793
771
754
746
736
71
784
753
21
738
194
79
804
30
745
55
737
743
81
705
750
725
26
778
741
791
747
34
741
793
742
55
718
713
723
23
742
61
17
796
800
758
747
753
710
711
741
778
784
58
27
756
156
102
796
65
787
807
55
759
30
753
743
751
740
17
758
719
65
771
17
756
39
760
771
783
38
752
763
746
28
24
783
793
781
101
797
60
29
781
733
86
16
723
766
35
728
30
736
711
809
783
772
731
769
782
760
90
789
23
25
25
774
62
766
23
32
796
773
760
728
42
16
30
29
766
20
810
770
780
729
741
778
708
741
35
743
742
753
770
766
762
29
751
720
778
740
780
757
798
761
761
798
785
720
208
50
731
51
763
778
786
784
801
780
770
735
83
85
55
783
738
788
819
808
727
43
811
36
45
14
71
762
735
735
752
15
923
1123
1153
942
783
789
724
36
768
717
31
23
780
790
74
17
738
868
843
26
202
752
729
794
752
715
16
740
17
22
730
729
26
772
750
806
41
776
29
792
34
772
770
762
785
35
823
757
32
782
53
739
31
22
740
732
770
16
21
37
812
729
754
734
750
37
798
746
787
147
768
715
769
27
729
15
44
754
735
27
751
765
776
18
756
810
26
103
741
785
726
777
748
803
793
734
772
785
747
17
743
40
16
18
16
771
18
777
759
764
69
51
796
801
730
55
790
37
805
740
24
812
764
49
22
747
40
170
784
716
781
716
118
61
767
735
16
742
795
18
52
721
767
781
57
23
14
756
14
47
792
14
23
46
808
761
49
805
796
34
777
28
774
768
54
18
118
34
28
746
809
807
743
811
15
49
776
19
750
774
735
70
751
730
738
41
732
55
88
785
73
57
721
87
794
803
18
754
730
95
786
736
771
14
788
770
807
731
744
765
792
57
731
734
38
761
788
736
784
809
809
70
761
17
776
730
767
736
731
727
769
763
781
765
768
22
30
715
24
753
85
14
736
49
728
60
19
785
15
794
51
789
756
36
737
22
30
18
739
39
753
762
722
93
790
23
792
77
807
791
799
764
29
729
760
797
39
766
60
744
742
22
798
773
121
733
763
58
768
24
750
751
720
784
769
781
796
794
810
18
736
28
738
705
784
761
764
762
17
39
793
767
752
744
711
1297
42
986
782
793
780
786
33
765
19
725
766
22
714
93
804
857
21
39
908
751
48
765
37
715
784
121
735
76
742
84
29
28
806
751
29
745
717
755
32
763
53
804
771
756
17
53
29
739
752
803
769
726
777
91
27
782
784
29
49
19
806
786
736
772
784
39
773
17
761
16
759
769
15
798
737
819
70
875
721
726
727
27
748
724
763
791
805
807
17
741
18
783
763
53
750
759
766
22
48
16
733
740
713
772
727
20
25
48
717
718
740
750
43
24
758
25
721
65
118
16
713
720
794
19
56
799
735
766
701
750
716
44
729
744
14
16
28
743
760
19
23
37
717
35
761
752
772
735
42
48
33
722
16
723
743
764
769
771
750
797
775
84
731
56
766
28
744
31
57
30
73
23
28
28
716
37
27
745
737
36
25
734
781
42
27
737
29
100
713
34
757
761
792
51
772
730
741
801
26
134
724
762
720
48
46
747
745
749
212
49
28
16
760
789
27
23
39
29
24
57
802
799
62
746
725
22
90
52
18
60
737
806
746
748
26
746
747
58
32
767
782
13
765
754
17
768
19
771
16
17
715
23
54
49
762
48
22
14
733
744
787
780
764
158
813
30
778
765
60
73
774
726
43
771
763
724
29
18
118
774
730
49
720
18
777
57
22
48
46
768
674
29
723
17
723
756
798
30
730
767
22
780
767
772
765
714
774
720
19
767
793
25
767
719
39
799
726
750
19
793
18
21
745
16
81
54
747
760
35
761
34
217
762
67
812
753
732
39
60
17
751
803
766
760
37
721
720
1130
33
1046
54
936
83
52
59
770
735
18
727
32
97
766
166
794
803
789
919
954
883
811
736
776
722
34
721
20
742
28
738
86
739
738
746
742
62
734
786
60
28
29
745
37
113
645
38
727
771
844
789
767
783
761
18
758
52
56
782
758
117
791
724
27
17
725
782
52
787
719
29
761
742
730
751
779
91
740
791
49
742
778
752
744
754
710
80
733
812
150
72
28
778
732
786
26
728
745
762
76
73
34
752
49
814
763
801
60
775
15
822
809
73
786
773
84
757
779
29
721
16
29
70
725
81
720
785
773
757
56
24
751
709
720
45
728
70
723
794
788
740
28
747
746
707
754
741
142
752
28
16
716
765
17
56
746
764
26
86
34
715
738
17
789
762
73
797
734
758
739
717
150
66
802
837
771
780
760
751
790
720
792
743
29
29
51
122
51
23
758
769
81
107
715
37
760
790
783
49
774
773
786
34
782
738
763
788
63
50
749
94
781
782
749
795
761
754
756
781
771
779
50
800
89
772
748
769
764
744
734
770
749
774
193
773
723
129
739
762
148
19
816
32
121
46
740
65
753
820
762
759
750
758
757
24
726
49
711
739
795
726
27
765
32
735
35
36
85
93
30
780
740
14
710
751
727
757
738
716
737
750
254
758
748
16
741
815
744
792
743
768
34
759
748
787
804
116
760
33
747
772
34
810
745
762
71
749
776
797
742
34
747
27
91
56
804
731
790
26
782
30
77
738
713
745
115
725
763
713
39
751
85
55
35
792
38
760
740
807
781
760
104
745
782
805
764
784
29
747
128
29
90
767
759
810
60
799
755
774
731
785
786
780
779
841
67
794
742
75
755
29
17
30
36
788
711
749
747
758
785
55
28
1223
87
20
783
756
55
77
23
30
18
25
736
15
48
809
796
756
781
755
788
814
798
775
741
774
765
739
31
27
811
60
57
784
43
81
744
15
775
155
865
203
62
756
733
787
814
765
848
716
23
728
15
23
29
734
764
27
750
714
90
741
29
780
800
29
712
84
785
761
781
793
726
785
73
773
803
786
746
15
745
773
758
749
826
767
760
25
754
35
48
718
718
35
774
728
165
130
35
48
58
749
70
731
720
727
80
710
750
705
797
39
59
147
714
748
779
77
754
800
67
760
788
743
741
89
32
17
781
778
755
738
18
16
726
753
771
754
791
98
20
752
21
142
730
59
13
745
764
732
24
53
780
719
729
719
717
771
54
14
777
22
759
19
784
36
761
29
782
766
54
17
766
731
170
777
83
87
773
734
30
45
766
87
16
728
738
780
33
787
775
790
47
768
50
21
727
23
55
787
743
758
16
722
16
18
24
780
57
719
777
806
740
759
29
757
46
719
773
774
772
740
719
778
760
763
14
735
781
768
775
27
789
773
19
128
14
36
14
746
729
775
37
772
765
54
24
75
46
756
732
760
751
155
1161
49
932
34
88
713
763
47
793
42
44
769
30
705
19
18
23
740
726
18
24
24
46
759
31
828
866
814
744
805
802
751
803
773
86
57
741
15
720
773
27
735
777
38
29
152
778
16
756
123
136
764
16
23
50
784
123
19
753
807
769
90
55
756
760
16
732
762
33
770
781
778
749
25
736
726
779
789
747
748
50
778
18
70
721
780
788
46
735
689
741
744
57
51
781
741
23
48
34
29
775
782
787
35
56
803
763
30
19
781
803
15
56
764
769
25
784
99
753
86
745
57
773
786
758
739
30
166
51
744
50
807
17
758
778
768
798
17
743
774
731
28
750
740
707
760
774
722
755
733
19
787
27
758
27
70
769
29
757
31
85
15
757
756
755
23
88
744
789
783
812
746
770
727
24
16
719
70
710
723
737
37
795
801
798
758
29
764
769
22
39
739
783
739
762
774
16
740
69
749
123
749
793
15
784
765
726
789
28
761
804
740
784
19
793
67
788
76
789
28
741
812
80
719
767
778
730
26
16
718
750
50
767
766
768
766
23
27
48
746
40
760
69
121
747
791
769
776
747
739
25
711
757
52
777
796
30
847
16
63
14
779
748
29
49
27
50
726
734
48
735
49
717
770
777
16
34
795
17
38
727
747
51
719
64
732
46
73
749
98
790
118
742
754
30
781
764
787
777
22
759
770
49
744
786
171
56
755
733
758
777
739
764
789
758
755
61
52
771
775
746
19
747
737
769
756
768
25
757
1195
33
783
803
745
752
746
765
27
735
29
777
70
90
34
732
747
95
774
727
16
799
35
23
24
53
20
23
763
767
727
784
766
43
779
777
780
778
18
766
769
771
15
796
790
785
15
782
740
779
737
722
73
739
789
17
813
20
30
793
28
767
784
60
790
753
789
749
775
19
17
17
742
27
713
18
767
742
724
711
735
754
785
25
750
762
775
814
68
60
708
37
743
790
781
39
56
766
791
743
780
30
17
86
30
793
15
23
807
743
760
17
746
717
725
775
750
29
148
14
26
48
763
747
27
727
775
766
784
730
768
719
28
27
14
14
51
82
789
747
772
744
748
58
763
714
91
726
30
750
772
65
766
741
787
769
32
733
16
776
737
734
746
772
54
763
119
754
53
739
767
74
774
771
35
716
17
722
743
35
764
736
777
775
756
128
712
739
94
745
733
753
758
784
30
15
780
789
134
60
776
787
791
773
776
757
772
69
733
762
58
735
777
736
721
742
23
767
780
759
80
66
778
739
775
123
760
51
758
29
729
745
776
794
795
755
50
94
93
17
44
777
776
812
764
713
36
721
761
809
20
40
32
97
777
51
787
142
34
764
717
790
719
760
791
748
123
36
726
763
83
91
43
783
720
737
702
746
802
751
749
50
23
763
734
724
743
767
40
740
786
751
23
749
30
40
768
779
783
44
771
44
36
740
19
727
30
775
753
734
35
794
811
30
789
1145
929
52
800
31
48
728
779
752
774
801
735
751
777
59
848
710
74
714
30
748
73
739
752
741
737
738
22
748
744
756
783
799
746
756
735
14
741
62
49
805
45
761
782
24
827
36
27
740
792
63
748
766
769
712
805
745
18
807
50
740
773
49
803
25
51
15
780
747
17
726
799
17
17
753
51
773
50
774
747
755
16
726
792
714
765
777
760
748
58
17
29
751
98
14
778
733
88
73
756
67
776
17
64
773
764
767
766
38
698
806
744
766
726
151
770
80
21
73
784
78
48
726
771
128
53
743
779
23
50
787
28
744
791
17
780
23
151
753
783
746
19
782
70
103
715
801
17
776
50
39
710
54
764
16
59
765
748
748
773
28
780
73
23
772
789
802
764
805
732
779
29
18
734
775
716
23
762
50
123
786
41
17
133
784
18
27
15
705
786
24
793
24
793
790
774
761
28
57
719
25
784
50
752
36
54
781
775
63
70
733
57
739
781
124
744
28
762
47
51
776
754
60
792
754
28
19
18
732
14
34
737
771
17
811
759
782
22
814
49
768
83
19
780
712
721
57
744
115
118
14
765
17
78
769
763
764
17
760
55
28
55
98
24
15
254
22
98
788
85
810
30
769
777
798
17
810
778
28
17
29
51
788
790
39
779
739
781
67
741
737
768
95
783
50
251
792
735
751
738
783
34
34
761
750
752
30
17
43
60
17
54
28
727
720
772
759
752
755
54
735
19
776
17
754
32
735
718
783
25
797
786
16
29
22
760
46
36
798
780
726
759
118
15
757
742
788
797
1242
29
184
950
852
766
742
808
31
35
791
97
765
84
773
52
734
774
853
817
750
31
50
752
746
37
809
768
788
15
812
26
780
49
769
762
770
803
753
790
38
736
737
54
24
800
754
809
754
729
796
37
736
45
22
19
30
91
786
68
742
58
35
93
795
736
53
775
743
787
31
753
776
19
786
23
27
27
747
722
714
777
90
736
739
724
728
748
57
772
744
18
15
15
782
34
787
32
29
784
798
17
740
763
23
17
772
780
776
739
762
23
747
785
746
128
758
37
817
25
722
743
767
17
726
756
754
70
147
27
29
757
17
49
755
719
50
95
57
743
740
38
21
711
775
123
749
803
72
17
94
791
753
741
767
763
49
754
741
767
15
782
14
739
14
729
45
48
16
731
23
799
818
756
732
711
726
811
771
750
752
27
743
62
792
739
766
743
732
754
714
53
73
804
797
24
803
718
45
749
776
98
38
773
29
17
28
791
23
39
756
765
789
797
762
769
779
775
738
771
55
766
739
128
721
16
54
59
29
734
34
775
745
787
766
775
739
741
712
776
747
39
785
722
27
771
743
737
33
789
52
789
17
797
785
788
753
49
699
24
23
73
751
768
798
803
36
750
156
50
18
788
22
15
776
30
766
786
787
30
23
769
765
811
56
30
133
739
748
14
60
16
777
722
707
800
726
28
754
38
776
757
23
723
770
733
712
732
741
66
308
87
762
28
18
725
19
33
35
29
26
782
14
753
777
33
749
739
745
757
755
87
785
734
779
802
755
748
761
732
788
29
739
793
729
779
808
812
719
749
17
29
54
17
777
784
15
712
778
764
735
44
36
721
19
716
787
775
55
28
67
794
768
751
786
741
136
763
37
53
753
774
51
745
14
739
19
767
756
23
785
31
810
797
741
733
62
17
754
69
39
14
789
35
769
778
1129
731
811
753
37
754
750
743
758
766
77
23
703
77
747
760
783
746
52
17
34
769
244
19
117
70
778
17
774
778
35
48
790
758
779
40
31
38
736
734
710
791
23
770
30
769
792
46
744
718
24
718
24
718
751
785
791
171
729
779
742
738
64
761
708
87
77
783
755
801
773
49
32
57
49
48
28
728
745
49
741
158
794
806
28
734
737
755
779
774
756
738
716
761
788
781
733
746
60
747
818
777
712
719
808
733
793
782
735
30
725
730
777
728
68
739
757
749
792
768
781
738
795
805
783
18
801
170
95
786
16
13
70
17
739
760
739
761
37
44
750
740
749
30
31
729
50
73
735
37
54
757
753
741
785
769
773
16
727
752
81
775
756
733
742
735
19
742
25
751
756
757
34
773
756
748
775
57
23
49
777
35
27
800
19
769
58
19
755
722
750
782
774
17
704
22
716
23
808
779
797
50
49
762
51
756
36
745
17
80
719
722
773
28
16
22
770
81
44
81
34
28
37
755
785
738
32
762
797
46
749
51
747
35
44
716
808
29
736
749
719
47
56
780
119
741
831
1168
128
770
809
769
750
32
737
120
767
763
725
37
54
48
794
24
64
70
823
158
30
19
738
757
800
57
788
19
750
800
738
740
728
802
56
84
85
802
760
777
724
754
773
754
753
17
72
747
768
738
69
14
31
40
774
60
739
16
55
805
15
774
759
706
737
758
779
779
774
18
764
25
45
798
809
806
50
57
764
153
16
64
708
29
760
37
81
745
761
749
739
37
19
732
718
786
801
739
720
708
21
739
17
15
813
779
792
26
777
805
810
740
756
755
54
759
90
754
738
22
803
769
17
60
788
16
763
780
721
713
85
786
44
740
725
70
773
753
39
756
762
94
734
50
744
15
239
171
809
787
730
740
764
798
35
788
38
50
783
793
120
771
765
73
28
762
747
756
725
28
775
19
727
738
710
767
735
746
18
802
788
19
785
240
54
16
748
751
70
777
40
777
112
28
761
754
759
759
717
731
100
781
37
784
734
27
17
795
35
121
786
16
735
17
753
27
31
776
793
726
760
747
779
748
765
24
811
728
724
36
747
733
747
49
758
37
35
85
770
779
710
735
17
38
743
17
757
50
78
37
60
124
72
15
733
748
87
793
57
88
760
27
797
709
736
45
733
771
787
775
762
737
44
48
29
782
756
57
798
17
758
737
759
738
774
786
51
732
49
49
35
706
741
52
30
752
798
810
15
40
740
25
97
27
728
16
731
744
741
755
745
733
14
99
744
76
774
804
763
783
783
746
788
764
791
17
81
798
68
1118
74
805
58
25
765
34
67
124
808
789
718
772
741
762
761
765
760
787
81
190
780
16
779
23
16
16
38
735
25
732
34
118
16
29
751
16
771
123
758
746
799
780
750
81
48
741
736
764
787
760
742
788
790
774
745
752
735
740
767
763
746
708
769
760
760
74
73
763
43
774
757
766
41
35
752
756
751
743
25
741
714
769
770
783
20
31
781
774
763
775
759
46
738
781
772
770
36
772
47
19
26
199
791
24
51
80
771
723
789
54
749
33
789
803
45
51
762
35
28
751
788
16
774
57
729
764
789
735
777
18
35
745
798
793
29
774
725
54
54
765
767
788
772
17
23
757
99
750
21
768
19
726
722
34
16
70
763
721
751
768
746
76
17
819
795
771
98
708
63
28
25
785
798
821
740
772
795
24
744
37
51
793
797
712
49
156
45
759
17
737
25
737
777
759
120
766
772
778
48
756
28
815
748
39
28
769
17
123
741
47
751
19
26
745
90
19
36
51
738
49
765
728
759
81
16
721
773
800
768
752
755
746
711
747
22
745
751
32
26
744
770
745
51
39
810
775
750
48
61
725
80
86
747
765
749
816
22
64
774
734
25
33
769
719
23
159
789
753
19
806
70
736
19
66
64
80
768
769
762
757
769
801
120
727
27
788
742
756
29
720
784
748
742
753
725
755
799
762
16
716
19
87
771
776
48
791
28
28
791
34
764
745
751
18
718
758
94
90
733
16
736
728
33
773
775
749
1104
24
765
116
28
721
37
784
799
743
18
719
775
811
68
745
803
763
18
741
789
776
29
738
777
739
28
788
760
36
774
752
38
771
753
766
14
796
762
746
49
53
783
50
773
742
787
762
80
744
53
65
771
784
57
795
753
741
771
153
18
123
37
30
753
35
716
745
24
28
782
38
765
772
767
70
791
714
715
72
744
37
741
15
30
738
120
743
776
772
746
772
785
70
757
66
770
17
732
738
25
740
736
790
741
18
739
783
19
19
17
24
83
780
712
28
39
755
771
147
51
777
81
684
729
99
780
712
52
749
127
770
725
787
98
805
14
789
775
762
742
812
59
785
34
31
30
812
762
809
750
57
774
796
30
795
787
756
763
735
808
769
128
31
724
15
14
746
15
69
795
33
27
758
766
798
786
782
809
743
741
764
759
728
133
795
17
19
798
733
28
754
40
771
753
720
721
707
725
727
774
704
790
47
154
771
756
25
133
807
808
22
762
759
751
751
729
717
730
741
774
180
787
764
783
52
17
798
738
23
29
805
750
776
49
724
745
737
798
773
775
57
19
763
17
763
759
26
757
810
199
32
808
95
162
51
782
764
755
18
17
31
777
738
17
17
748
765
766
759
19
30
745
751
759
749
744
782
725
762
799
762
729
768
51
50
744
795
23
784
745
736
54
783
764
56
758
790
741
23
94
744
720
765
776
36
788
134
48
742
749
765
1078
968
786
751
732
778
817
56
21
51
94
781
739
763
33
17
809
67
801
781
52
741
761
74
64
23
797
747
770
741
44
754
49
25
721
739
766
780
50
35
727
731
781
45
29
743
61
54
29
775
773
745
793
744
732
16
781
673
36
87
761
789
750
85
22
742
49
759
780
38
49
164
29
44
764
713
715
740
782
25
741
734
783
759
772
754
740
50
750
745
24
48
798
764
34
785
745
38
18
683
28
751
780
732
29
48
713
23
18
774
724
771
77
29
747
50
47
144
61
721
767
752
47
29
36
723
748
709
787
811
813
813
766
796
143
783
57
746
806
49
784
116
807
79
783
801
768
821
801
20
814
775
778
757
30
171
793
792
778
789
786
723
751
809
807
728
16
743
791
49
133
800
730
756
726
732
765
24
722
33
729
762
767
123
93
738
18
777
754
796
792
764
134
782
736
813
780
751
804
784
751
765
777
743
26
36
758
34
93
49
811
56
32
35
772
741
756
734
763
725
730
778
746
749
752
25
27
739
57
815
775
752
733
748
782
725
748
810
20
33
796
99
51
30
14
73
767
784
780
28
18
783
15
789
796
81
770
768
765
755
14
725
29
776
764
749
30
23
59
737
794
789
726
30
56
792
785
69
24
757
747
70
129
46
714
761
759
782
13
717
139
28
729
169
760
787
769
22
761
757
17
760
29
768
763
90
780
16
82
750
736
758
36
120
776
726
50
81
753
763
770
19
62
18
703
789
746
27
34
768
17
766
771
784
728
776
57
758
785
768
762
771
708
746
743
46
776
734
755
16
732
730
799
791
755
773
31
789
30
767
29
732
710
758
737
31
764
747
84
84
803
776
14
790
19
776
728
90
710
760
752
725
782
14
759
27
20
23
739
739
17
791
51
1059
38
748
18
99
740
746
760
770
767
767
750
724
89
18
46