0
2372
2285
2368
2371
2112
2283
2086
2289
2446
2100
2106
72
2272
139
108
193
2121
2166
383
2285
2430
2352
2184
2057
2092
120
2053
174
68
117
2437
2492
117
244
82
2355
2229
2247
62
37
2189
2102
2217
125
2131
2114
106
2045
358
134
233
1974
107
2034
2098
2201
2518
2101
2142
2476
2186
2146
289
2420
2326
2278
2132
75
59
2049
92
2369
87
2084
118
2436
56
2254
2188
2243
2210
50
2085
2207
115
2035
114
2175
326
1959
1994
1917
69
111
2115
79
186
1859
2367
3515
250
51
2611
438
2020
79
2073
2375
104
183
44
3288
68
2086
58
1905
36
35
194
68
62
2207
192
2161
168
153
2089
46
1908
2178
129
2205
39
137
1898
227
232
2110
60
2159
57
2015
2339
157
38
58
1975
2043
2027
46
2277
33
2361
2148
2263
2260
56
2366
135
2163
2074
2111
2022
280
2110
1994
2065
2044
115
2003
1966
136
195
106
59
2182
60
2252
1998
34
60
114
1855
2114
62
2215
1995
2030
169
128
2108
2064
2344
82
2216
1917
1939
1958
35
1866
123
35
39
1931
60
2261
2192
36
2133
1899
2206
1899
57
2116
2001
2003
1929
2057
2094
2098
2732
1998
69
1988
68
2261
2165
2243
2167
153
50
85
2114
2150
2108
36
123
54
311
144
2158
2135
2531
2187
1925
2045
228
2262
1966
2129
2046
205
58
2061
2025
1998
1904
34
59
2228
199
1976
2056
121
2033
2033
88
1921
2034
35
238
153
191
2074
2070
70
52
2247
116
2020
1939
209
1953
2244
2329
137
2063
113
1953
114
67
1934
2091
287
2178
2039
2158
1918
2260
287
172
2311
192
37
1961
37
51
2128
40
2345
35
2361
2009
2144
2027
2159
2108
2103
88
2858
336
50
51
2176
1908
150
2244
2324
203
2146
2113
2098
59
145
1860
1863
57
39
2080
29
1985
47
1972
2179
52
1983
1909
2036
54
36
83
2040
85
113
2075
2024
2179
1998
34
82
2068
59
37
2296
2162
119
2232
2106
2269
131
417
280
2229
2355
2210
2319
2170
144
2243
2631
2927
2020
2196
2184
2477
2439
2257
37
2118
2155
2328
1922
1929
35
2076
2234
2307
612
2126
1999
2215
2093
2307
2181
101
2130
2387
117
213
2359
2153
2266
143
2132
1945
1876
2356
107
2139
66
1983
2072
74
2039
406
2154
2345
178
190
2215
2280
2273
2211
2246
2138
2161
66
2145
109
226
2156
2116
2213
130
2137
2139
125
2406
52
111
1988
2078
2025
2296
65
1928
52
128
2178
1903
1817
184
2024
2141
154
2010
167
2077
39
2015
2086
95
128
2090
2131
65
60
2136
2050
29
2061
2056
1898
78
35
2089
71
1971
2122
2245
1976
143
117
2127
2166
2171
2229
128
2018
2045
287
2088
2003
36
2238
2208
2011
2155
2334
179
2164
37
2114
2198
2206
36
2017
114
81
34
1937
55
69
1976
2114
110
2133
2076
2172
38
62
68
2551
2242
41
1888
134
1955
2020
108
2126
35
195
369
63
2062
2051
2022
54
312
1935
103
2037
2171
1915
167
2121
145
2168
2165
1970
153
36
67
2117
2014
128
56
32
2145
180
2169
67
1914
2030
1866
2156
2061
2102
2170
2106
2282
2224
2013
2100
137
2075
2039
168
2203
2057
130
2059
2011
2098
55
1992
112
1957
2059
1840
1900
1965
2159
2027
2104
2145
92
88
2072
71
56
47
2155
2063
2180
61
2164
2105
80
69
2093
1966
2009
2086
2119
2211
2074
108
1935
58
2530
68
1957
2070
138
1942
2131
102
2215
1964
39
324
36
2249
2015
2095
71
2030
2024
2160
133
47
62
2187
107
2109
2236
2163
2005
1896
2226
177
2311
2352
60
2409
2357
1997
2240
119
36
69
2165
2113
2058
2110
2176
2098
1924
2147
2190
49
137
2237
1877
368
65
2047
167
2071
2051
46
344
2090
57
2280
208
39
136
1974
1999
2004
29
2115
1912
2122
35
2225
2355
65
65
288
198
2094
2378
1988
379
1995
1822
323
141
380
60
2072
63
127
56
110
120
2186
2177
93
123
2215
2125
2118
2149
2222
2293
30
1994
2224
69
2018
2095
64
3146
2407
2435
2546
2227
176
2425
2353
2444
2352
214
2484
2314
2460
2510
130
2301
175
2386
152
59
2036
378
2362
2475
92
327
2528
2166
88
65
2266
2357
2216
2456
61
2387
2979
2223
85
2024
421
72
2392
172
89
2389
216
118
2043
62
2269
2530
2353
2142
2264
2235
2195
2190
2393
62
2247
2292
2428
36
320
54
2014
137
2147
2259
2318
2155
2554
2524
175
40
2368
2089
2257
67
2043
2318
41
2368
201
2484
2531
2524
2214
2134
199
2087
2421
1859
2213
2444
2444
2421
41
2507
70
2367
2125
2348
2434
67
2281
2449
2570
2085
2152
52
41
2178
175
145
2151
2078
74
2129
2358
60
2385
2398
2263
2572
138
2723
2357
2514
48
2622
2432
2533
2496
96
119
2391
2071
203
2494
61
69
2234
2355
202
143
2362
1946
2420
2398
60
2292
2105
205
2089
127
2065
1902
58
2604
2520
196
2047
31
85
32
2254
89
2480
2362
2400
116
38
2408
2515
2584
65
2357
1963
57
2116
93
2060
2076
2163
80
82
2327
59
2423
2356
80
1901
70
2321
67
2377
2377
119
2414
2149
57
133
2374
2289
2541
1917
2291
2078
2268
124
56
187
2536
142
2284
2518
2399
2214
2358
2324
2160
2255
162
2358
175
2503
2552
2253
2547
2141
2408
2216
2355
133
2144
2435
2059
49
2543
2845
2246
64
37
2336
2420
40
72
46
2232
2448
54
71
40
172
2534
71
2519
2229
2542
2274
2276
2047
2549
2387
2279
2278
2363
1903
2147
2601
59
2268
136
2142
2199
2390
2184
2216
2075
2360
70
2534
72
2505
61
57
63
2213
215
405
80
2040
106
2204
314
2257
2286
2140
2320
37
2204
2367
2158
2035
286
2249
2133
2254
2462
56
2455
2296
66
2182
2075
65
2315
369
2086
2532
2478
103
2627
2603
2408
119
2437
82
2397
2379
41
80
107
173
2380
2063
2270
2369
2461
2295
66
2559
2228
31
2208
2366
2401
2168
2357
2418
2298
70
66
2089
2277
128
1896
233
2300
2576
118
2325
2387
493
2182
2367
66
2242
65
110
57
2458
98
119
2460
50
2215
2002
2254
2417
2436
31
2255
381
2324
3223
48
2324
208
2473
46
63
2158
2147
2379
2273
73
2456
2198
117
2301
2121
41
2292
2385
148
118
2106
135
2344
2389
62
2129
2181
63
2229
106
595
2432
2459
2148
118
2070
2132
172
2184
81
1894
2339
201
245
70
59
2039
2319
69
2194
36
59
2289
1925
2012
2168
2115
2259
2249
66
2120
2270
2011
69
2142
2244
2193
2118
1924
54
2229
57
2064
136
1995
287
2384
2457
198
2202
2078
2334
2778
69
2235
2130
2372
309
39
2222
2017
2368
2066
118
2339
202
2355
2290
173
2352
2487
2526
2479
2529
2167
455
33
2348
2538
2211
36
82
2273
2437
2092
2293
56
172
2286
172
32
97
2303
2375
2228
118
2419
106
2410
2121
2129
234
2217
2560
2028
2173
83
2389
2178
2253
2177
2352
2359
2145
2492
132
2273
2269
2192
223
36
2189
2146
2457
62
2230
64
173
2474
2544
2441
2348
36
49
181
123
2411
137
2184
2521
2126
107
67
2359
173
2502
2142
2460
469
2459
2320
2248
2151
35
30
106
2515
2222
294
369
133
2161
2443
227
53
2365
2451
50
2209
2333
41
88
2464
233
2367
2273
2445
50
2430
2936
2204
2277
2438
2306
2276
165
2447
2357
43
124
150
2115
118
2374
2473
57
2523
2301
2219
2301
2227
2294
2407
2132
2155
112
2169
2276
2479
2480
62
2275
59
2453
2171
2051
66
2298
123
118
79
92
2358
36
2317
2240
2409
289
71
287
2427
2344
2462
63
61
2474
2467
116
2312
69
118
2481
2455
2422
194
2228
2402
2618
2165
62
2312
2327
2124
65
35
59
2099
56
2232
2454
2274
2244
2404
2342
2014
2359
2030
2027
2020
2322
2299
2000
37
2276
2434
88
174
2130
2313
540
39
66
2316
1864
2201
57
2559
2389
2364
166
2248
2261
37
2643
2134
166
2375
2542
88
123
2252
71
116
2195
61
2318
2436
2237
2383
2325
2280
2322
2368
2266
62
2360
2171
2485
173
2221
2335
2295
240
201
69
2148
2133
91
2450
30
66
105
2339
2485
2317
2389
2353
144
2470
2374
2525
2316
2436
2362
70
2306
2464
2425
2329
2429
2119
2290
2201
172
2270
2195
2520
2468
2185
2370
2196
2048
2234
2358
69
414
2298
2208
2427
172
173
2175
2310
2453
69
2217
2409
2445
2475
127
60
2365
2368
119
2258
2372
118
59
173
48
30
308
2396
2282
68
2266
141
2446
82
2240
2455
88
2528
2366
42
2893
2143
91
2263
90
158
2503
2210
2330
2406
70
2300
2228
42
2225
2568
2104
2385
153
2443
2100
2288
59
2358
2070
2331
2459
2227
2230
2364
28
2322
2405
2312
62
2072
59
60
2355
2356
2399
32
2511
2207
2445
2215
2382
2547
57
2552
2432
158
57
36
2341
2443
2158
2182
175
41
2217
416
2406
2514
41
69
2447
58
138
2331
2228
3988
3183
2067
2068
2798
4378
463
139
75
2188
2476
2308
41
2207
2416
71
2183
69
621
67
2205
62
61
2181
2206
2303
91
71
2362
133
112
2142
57
43
2180
2134
2381
46
119
2164
2269
2289
2419
2269
2484
2204
2567
2586
2340
159
2582
118
35
2194
2181
73
2435
2460
2495
2352
32
2476
2172
2185
2221
2243
162
2650
2281
2069
52
41
2165
120
65
2520
136
2422
2149
2106
205
2377
90
2225
2366
141
2306
2116
366
146
2314
2341
164
2427
2302
2286
2466
36
2418
144
2247
132
2220
2251
2152
2162
2478
2455
2324
2052
2279
2318
2287
39
117
119
2122
2292
2072
64
249
2365
2378
93
60
202
41
2297
2409
2344
118
2364
2264
2221
84
2301
2390
2342
2276
173
128
36
2327
2476
2368
2343
68
2110
2321
118
38
60
2216
115
200
2287
2256
2100
56
63
3263
119
3144
2481
292
232
135
2310
61
120
56
2296
41
2278
2227
2327
69
2439
2444
2284
2525
2275
2246
201
116
81
149
2313
164
2181
49
2391
2306
2376
123
120
2389
62
2297
2400
2290
128
2363
2152
2147
2363
38
2322
62
58
2460
2163
31
2035
2389
2250
209
2189
2317
2256
2464
2219
2328
2199
296
135
2275
36
2096
132
2147
88
2216
2271
2291
30
2323
127
2264
174
69
2176
2018
2270
2307
2137
2145
61
88
2224
2490
2256
41
2548
2414
49
59
88
40
215
2419
2253
2241
82
2188
2347
2541
145
61
249
60
2435
2471
66
2220
2416
77
114
2347
233
2470
86
2342
227
2310
2461
142
69
2479
2833
71
100
2326
2470
127
2466
2440
423
2536
2407
2288
2423
2380
51
2397
2285
86
2158
128
30
2287
82
2406
2260
143
2267
38
62
2241
2206
88
65
491
2267
61
2423
2186
116
82
2461
31
2349
66
88
210
62
2357
2240
2049
112
2476
356
2311
127
60
107
2239
2440
2127
2330
2400
203
112
2263
2247
118
227
2122
104
133
216
37
2427
30
234
67
2400
2268
2441
156
2309
2226
2163
2309
2262
2301
290
2397
2281
58
2532
2278
2845
52
2343
2413
2522
2385
2417
2291
2379
41
2309
2325
37
2145
2471
2402
2396
2459
120
2506
2070
2108
59
2095
63
2252
2136
80
68
2162
2044
1904
1954
2155
2028
2093
59
2132
171
2336
2278
2360
56
2320
201
2310
2194
2347
2306
1955
1949
2091
70
123
121
2189
1944
115
2047
2137
2203
72
39
2277
1882
37
2113
2132
2165
2078
73
289
2243
2088
233
134
68
2257
2330
74
63
1900
1936
2130
2107
2057
58
1956
2029
1996
68
2044
196
62
1997
1955
2164
39
141
40
2284
2283
2318
2156
2039
2214
38
75
2146
2107
2170
41
2097
2240
116
2246
2189
2086
1982
174
118
2197
57
2329
37
2143
62
209
2212
2167
2112
172
2306
2304
2049
136
1988
80
2235
2164
2021
2098
2002
2065
30
58
58
2154
54
2117
2024
2210
35
2066
2072
125
1987
2099
2425
2081
2126
206
113
280
1852
2113
1964
40
2259
2043
2050
217
2187
1944
1922
1942
138
145
2156
2144
2283
2137
2339
245
67
38
2266
1937
2217
2305
41
2258
2271
2041
2375
47
35
1943
2005
2030
2141
2181
63
1924
70
153
39
2017
1938
58
2090
1980
128
401
1865
39
2216
1976
2110
2289
2446
2271
2141
2221
2349
2196
2281
2075
179
2104
66
37
2103
135
2229
75
2155
2300
2116
2074
55
92
1972
59
1935
1890
40
2030
2017
37
1917
1989
2031
60
202
1930
2284
2110
143
2027
1877
2056
2008
400
2087
2201
2196
159
2019
224
2244
81
71
2314
2351
57
2398
2008
2071
114
2221
36
2140
2355
2195
63
2140
2170
2114
2307
2310
2300
2277
2234
2094
174
108
30
41
2989
185
158
247
2252
62
2125
2025
66
473
2249
93
124
51
2178
36
1990
60
60
2023
2154
2120
56
40
125
2047
2162
114
94
82
2156
153
1980
2061
2119
2171
203
133
2121
35
2040
2256
2368
2219
2224
2369
2200
203
2262
2107
475
2125
64
59
175
53
107
2027
2095
64
2266
2180
2097
214
2172
84
2202
2036
2127
2259
2196
173
2077
2057
58
54
174
64
1974
2119
2328
2098
2257
2211
2337
1990
2208
2221
2167
2186
665
1990
2165
2125
2173
2261
2200
38
57
2303
78
1880
2045
2339
158
245
67
2226
2170
30
2054
2130
38
2767
71
2955
2059
214
2108
2386
2552
2672
2324
2023
2010
230
2321
1918
37
61
142
34
66
1995
2212
2023
2170
2399
2298
1977
2159
2181
2054
1992
2018
248
2142
2268
2181
2097
2194
2100
2223
2362
59
2304
89
2331
2204
2111
2126
2063
194
2158
2102
2017
2061
2067
2036
1981
1870
1957
2124
2199
2159
2352
2101
72
2183
1945
2283
2222
2235
54
2013
2024
2037
2019
2115
2342
2177
115
2094
128
2269
2132
2028
2168
2042
2156
62
2263
1994
2049
2059
2278
2221
2196
103
2071
2054
37
57
70
2146
239
2109
2556
2734
2140
2100
48
174
285
2189
2793
2493
2065
2154
160
68
2184
2176
211
2128
2107
2314
56
2066
2050
2198
2091
70
2045
2175
38
173
2336
2167
30
190
2141
59
2083
2014
57
2169
40
2076
224
2158
2036
204
2279
2187
57
237
37
1977
1919
1956
2126
1895
147
112
2297
167
2045
1996
1920
2088
178
2142
2042
2073
2329
1983
113
66
2006
2085
2114
37
2111
66
30
56
2111
2242
2028
2131
200
105
2297
2074
2035
2268
2072
2000
2231
2129
2082
2054
1940
2004
2105
2135
2057
2068
2156
1991
1982
2323
2187
2120
174
2042
2006
2041
2165
77
61
2045
2159
59
2537
777
2285
2035
106
153
36
1950
2197
40
1945
1933
59
1981
36
2108
123
2061
2090
35
1971
1994
456
1910
63
2268
43
386
2055
2035
212
239
2138
1915
2267
2235
2374
146
1890
2168
2027
1986
2128
72
1925
115
2221
54
2118
2188
2052
2199
60
1914
1945
2060
2090
57
125
2170
143
59
40
2342
2248
2255
78
59
41
2254
2158
2117
2229
2023
138
2076
1971
2695
2140
2034
2064
1962
50
2273
36
75
325
105
2177
64
79
120
39
1913
2171
1926
2137
67
2178
1993
40
62
2117
2146
2045
1907
1951
626
2061
243
2060
46
2034
2103
2016
2116
2110
105
2132
108
54
2092
39
2247
1956
115
81
58
1867
65
2130
2146
35
88
2069
2155
206
374
205
2669
70
2125
67
36
34
1991
2006
2262
2065
2254
2154
242
2130
2181
1970
2030
204
67
2173
2016
61
2127
2021
30
2358
2093
40
2066
369
2057
2269
76
59
66
73
2025
65
212
60
2093
281
2075
2046
238
2222
1995
39
59
65
2368
180
2042
2168
120
2247
2164
118
30
2151
2278
2299
2225
80
2114
80
2171
1984
474
2009
2093
61
2097
2042
39
2158
114
40
1942
2164
37
2048
2082
208
2175
2182
2131
1990
2050
2097
2092
2094
76
54
128
2201
87
2211
2069
2170
85
2230
64
2184
2190
2241
2105
2049
2063
1982
28
2200
128
1916
2120
2032
227
2038
2184
2111
54
45
2039
2182
2077
57
2118
2200
2033
2120
1986
2042
2012
2015
2035
1964
91
1903
2037
114
2206
2046
35
67
2018
1949
2089
65
2091
173
2220
68
2064
2028
2092
136
64
2186
311
29
2185
54
114
2710
237
2275
2038
2074
2357
2032
2000
2160
2107
119
2204
2189
2103
2172
2106
2100
80
2132
2150
202
2121
160
32
137
2219
35
1993
2215
2033
164
88
234
2086
2125
2000
131
1898
123
2247
86
105
2009
198
2190
1974
29
54
114
1903
195
1992
2227
66
2004
35
125
62
2125
2028
2168
52
2165
2230
128
60
2224
2157
59
2206
2217
2099
2172
2071
1986
167
2044
52
2002
59
2055
65
2081
37
2003
2281
35
2140
2107
1960
2181
2116
2092
2031
2051
1943
36
2029
2948
2335
2014
2300
128
56
2260
146
117
157
40
2061
62
2236
208
2215
2041
99
36
2230
2187
2226
74
2136
2173
2279
2134
2268
119
2188
2025
68
123
2089
2326
76
36
2077
60
118
57
38
2272
2197
120
2064
2504
2309
2122
45
2011
47
2072
2111
491
2256
2236
2124
1871
92
49
115
2171
132
52
30
2175
2243
2343
2238
61
2129
168
67
1918
137
114
60
2038
2098
136
1973
2000
2282
91
56
356
79
37
2147
37
2351
1930
1963
1911
2158
2057
2130
2118
2120
62
208
2017
2099
1980
2061
98
2122
174
2131
2122
2222
205
2335
2227
66
2302
2333
158
67
58
2116
29
2127
2050
2118
2029
122
2056
2276
82
2047
2131
2071
96
37
1986
2444
2078
388
2004
2098
2177
2062
124
113
2095
2127
1924
1877
39
1886
506
2017
2072
60
29
1902
101
227
2240
2194
71
2160
2032
2329
2274
2082
2202
2203
2016
2301
2326
151
2247
185
2073
1915
113
2039
2004
2031
2047
2227
271
173
2052
1973
2038
60
1948
2021
57
2028
2102
29
75
129
34
2269
62
2124
2034
103
35
2275
2135
40
2053
143
2145
2202
36
2093
54
137
2129
56
2043
1925
124
60
2146
1913
1999
46
65
2167
1935
1890
2099
57
1983
2181
61
2240
141
2197
192
2207
2124
402
2129
2139
2326
2184
2095
59
2184
174
2126
132
2302
161
2300
2080
2086
2115
2264
1976
2104
2016
2155
104
2692
93
2231
33
2124
2361
175
1921
2124
2096
71
2007
2154
2374
2071
54
57
115
1927
1960
2113
2173
41
1982
2214
2135
76
57
2139
114
1979
2214
2269
57
2293
2139
1927
2133
61
2156
2075
2081
2004
2112
36
2222
2259
2204
2076
2136
57
1950
2227
2003
2123
66
2017
200
2139
2010
2204
2392
2183
126
2213
67
2206
2216
2415
2275
38
65
2173
2072
2069
1998
56
2243
2125
1985
2172
2117
60
1962
2150
2182
2177
1907
2036
47
2103
2081
27
2068
35
2113
2135
2228
107
2122
70
63
199
2175
2168
1947
2184
162
2261
110
190
2348
61
2274
141
2258
1960
64
459
41
3991
2592
222
1993
2408
2246
2192
119
2165
2151
57
2043
132
2192
108
2073
2024
37
2197
70
2123
2113
2104
2122
1981
2130
55
32
2213
38
132
2233
65
35
2215
2194
2153
2070
1992
2084
2210
36
77
2300
2174
477
68
1975
2435
2089
220
131
2070
2199
2206
123
57
2207
29
63
1855
2002
1907
1943
244
1969
1955
54
375
2204
2085
2168
37
2299
2172
86
2092
218
2087
2033
104
1987
68
154
1869
33
34
2202
40
2294
2040
2368
65
224
131
2033
121
2174
49
2320
2439
2225
2189
201
68
2243
123
2003
2076
64
2075
2210
60
34
2035
2063
2102
58
2048
2203
38
2310
69
2312
123
1975
2116
59
46
2271
2154
1918
2085
2077
115
2093
1806
173
2141
1989
66
2028
192
2070
2027
2243
115
1837
286
60
135
80
2101
58
2236
60
29
87
105
1919
86
1856
2280
2077
83
116
62
2040
2173
40
41
2150
60
2732
2029
154
69
2123
2208
2146
35
2353
2076
2120
2077
2104
2046
116
2112
2084
2046
2016
2352
2078
2143
2130
163
2178
2156
385
207
2366
2290
1987
90
52
2154
2327
2259
2292
215
85
2183
2167
58
225
2215
126
153
2055
597
64
64
2275
2007
120
136
137
59
1986
1916
54
1983
474
60
2164
2026
114
1973
29
2004
2205
116
2028
2101
2004
2051
1949
2066
1989
114
286
2204
35
36
2061
34
107
53
2048
2010
70
2091
2072
57
2242
2023
38
2238
2088
2032
54
2134
35
58
61
35
59
2667
76
2023
1913
2094
208
169
2096
1893
35
60
2045
2052
2106
2167
57
2262
312
115
2056
2241
2312
339
2056
2183
114
123
128
112
36
2135
2078
2175
2021
2326
2296
2173
2203
2097
175
2145
2227
30
145
2152
128
58
112
29
2020
2254
2326
89
2217
1989
64
30
110
207
213
1984
2207
38
2028
1949
2035
2038
2148
1920
70
356
2070
119
2322
1968
2085
2159
2070
2256
2013
74
115
2241
85
2171
2438
2097
2201
74
56
37
143
2026
214
201
118
2118
47
2129
38
2315
2143
298
2079
2225
2242
2322
2202
191
40
37
2335
2141
118
83
2114
2162
1969
2172
202
1955
1979
2166
2303
2195
2244
2216
2265
29
2072
2050
2306
202
3498
2015
1949
2361
2521
131
82
2666
107
2282
206
84
2247
55
2244
62
66
2001
2222
2046
40
84
2035
83
374
2300
67
2206
108
2177
2144
367
2048
124
2129
2186
2182
2169
1913
2045
2064
2173
119
35
87
167
2022
2165
167
1977
68
1963
2186
2093
1912
1967
59
2126
2042
2065
2100
2049
80
2084
54
86
2128
2091
2120
201
2196
54
217
57
1998
39
104
403
2109
2316
2232
2386
62
2259
2147
2269
2207
2010
1989
78
2017
2103
2169
64
2051
2333
2046
1976
2156
1981
2188
228
2306
135
2229
2122
30
1979
60
112
57
37
2079
2233
2050
123
1956
2144
69
36
2074
2233
2201
2179
2224
200
2097
155
2110
2348
2175
2011
2020
2009
37
34
1993
2172
2098
31
2262
2193
2021
2149
2103
64
2013
68
372
2030
2070
2121
1891
2065
2119
61
2051
2188
2047
2090
2030
2069
114
2063
2130
1925
1972
2119
1967
2053
2214
2010
32
2116
208
2081
2026
1889
2102
218
2166
2193
2276
2379
2188
1986
104
2178
2053
37
2084
2232
65
64
149
2096
2090
93
2203
117
2247
2140
58
57
2082
35
2114
1951
2030
35
1965
118
2046
2081
2104
66
2175
2019
102
2138
2078
216
2024
1981
46
209
2116
71
2061
2104
1966
2007
2105
2147
2122
32
114
2151
2253
1969
115
1969
2048
58
30
61
2090
1974
84
129
2429
2053
2062
63
40
2136
2169
2173
49
2088
286
39
2185
1936
47
1931
2002
54
2090
2003
88
1984
67
203
117
2361
2141
2106
35
2035
54
2135
2162
2140
2053
2065
1929
2104
54
1932
2076
62
201
66
290
33
28
2123
2166
36
2500
65
2074
1886
34
1967
2115
2529
2113
317
86
2160
66
1933
2102
2056
2075
2091
1984
1863
2113
2079
60
111
2178
2039
150
2232
2177
313
1901
58
61
60
40
2061
2049
2092
2092
107
208
1933
35
1936
63
35
2092
1974
40
38
2330
178
2117
35
2093
192
475
29
54
114
2038
2059
2043
2029
2136
1958
67
2154
2044
2148
1939
1898
2007
1882
2179
2165
57
2117
2266
37
63
118
2255
2205
37
2130
2146
49
226
2016
2025
1921
2079
2131
1948
2016
56
1893
29
2066
2124
2006
2019
2131
1971
42
2017
2013
2095
2382
2321
126
2140
36
56
2358
2156
2304
2145
2149
2073
37
65
2115
61
96
2230
89
2021
66
87
2033
1884
36
1981
2101
2067
79
2054
2217
57
31
2062
2001
206
2110
2301
38
2241
67
128
2209
67
2232
2279
2161
52
2136
2011
34
2184
2197
2223
2316
38
278
321
2177
2068
2209
214
118
2004
2159
2019
2115
289
2152
54
2044
455
2043
1953
1906
2171
2025
2151
2231
205
196
85
55
196
2155
56
115
1948
63
52
2026
123
2094
143
38
2125
2242
2190
104
2147
2196
2250
2234
159
148
175
61
88
2095
66
2137
177
2232
2573
606
2060
2167
2029
2181
2015
35
2095
2131
284
1887
46
61
1978
1988
57
62
115
2165
2085
166
2104
2155
2358
2130
143
41
2024
2027
172
2023
157
1873
1946
2105
194
156
2221
2069
64
2043
136
2070
2069
1962
206
89
2047
2157
2114
29
109
49
2329
2030
56
76
2120
620
2077
1901
2070
1981
2110
2027
2052
38
122
2221
83
59
2054
214
2291
118
2157
2222
58
2189
2290
180
2102
433
2300
2103
2059
29
2175
37
196
28
58
237
1973
2014
2160
2079
66
119
36
116
2069
2156
2010
36
112
1949
1923
2060
2215
2064
2092
286
287
60
2124
2240
2226
82
2088
2286
69
2058
2027
2157
2102
40
2274
82
563
2302
2023
40
191
118
369
82
135
141
2284
37
2246
2626
62
2000
2052
69
2253
2189
2004
2108
35
2098
100
2094
2103
35
2101
2071
2072
2016
2094
2047
54
105
2201
47
2053
2077
82
35
34
346
2072
2249
2252
1958
2108
1973
2158
2102
54
2219
2048
38
2262
2027
1981
1995
54
2161
54
367
112
102
29
2004
1885
2217
2244
2092
103
47
85
129
1945
2018
2142
2048
2174
286
2038
1893
201
35
1958
202
1983
2065
71
2151
2160
63
1898
171
2200
61
2062
102
112
128
2263
196
2074
2056
48
2397
55
201
173
2030
1949
1988
173
2164
2049
2119
2020
39
2065
2070
1969
2072
1851
145
2037
88
129
2044
1874
54
1881
2005
2125
2200
2086
2028
140
2125
2188
58
2151
2269
2589
2301
109
2437
2257
60
1960
168
2091
101
35
2090
123
1987
2399
387
2214
116
2156
2100
1961
85
2009
126
116
48
299
38
2217
64
62
2238
2314
101
2039
35
28
280
34
57
401
1961
2119
2105
2200
2089
37
2201
50
2174
2158
2059
2079
65
2003
120
2218
2292
132
2126
59
1919
134
36
202
2309
2203
2160
53
2201
118
2204
64
59
2158
2091
2093
127
2334
2125
2078
1963
60
2283
63
66
2101
2289
2412
2263
2191
2318
122
2289
60
70
56
2115
2041
2121
1900
2070
2012
2249
370
1983
2140
1984
93
2222
2100
2226
1851
2159
1995
33
102
2187
96
73
2286
351
2191
2231
36
58
2034
88
61
56
2370
2260
2290
2182
67
2187
62
2164
2342
2330
62
2180
34
2228
109
66
2208
144
2196
215
2197
2152
156
2116
1967
88
64
2230
2130
1948
1984
1965
2286
64
33
2226
2219
2241
72
2228
2191
2112
2027
2236
117
50
143
35
2412
195
34
37
2211
111
2036
2011
2046
1917
2051
1868
88
2126
2004
1935
2228
1975
1754
34
2004
1968
2002
2020
1973
2270
2220
215
29
1979
2100
65
2209
30
115
208
2378
2181
65
2120
1966
2323
173
55
149
2189
2054
112
2118
113
1971
128
136
81
1990
2098
2128
1895
86
286
2027
2154
62
61
2049
2215
2047
2143
1996
34
1875
2056
192
2115
36
1991
2015
2129
2089
2079
324
2209
306
62
2165
37
88
30
117
2057
1938
2086
2029
2176
2176
2246
2276
2190
59
130
2119
2265
2186
2199
207
2194
58
2235
2103
2189
62
40
2653
2153
97
2004
139
117
175
2014
86
172
1987
2026
2067
61
60
35
90
2078
2042
47
2320
2283
2184
295
143
2313
65
2270
2205
90
2225
118
201
128
68
2112
2141
2173
2234
295
2126
1948
124
1981
2108
57
2061
2080
1973
39
238
54
61
40
68
2131
2309
2137
2284
1971
2218
129
2181
62
2108
2147
2180
2158
2207
226
2079
2054
69
2125
2221
64
66
2244
2087
2166
2001
80
1950
57
41
2409
90
127
2270
2283
2125
82
106
110
2159
36
40
2068
2126
29
38
36
2275
2274
1995
2294
2154
2169
2153
2169
2164
2064
2092
1960
2071
2133
2464
310
2197
2318
2005
2348
181
2229
2108
2098
2025
2006
56
201
37
145
95
2195
2031
2241
36
2288
2233
123
1985
64
117
2102
2046
286
85
57
1921
59
2200
2101
2067
1973
1986
1933
2101
2065
2014
2058
2190
50
40
156
159
67
128
401
1997
2084
2114
2034
2082
2079
2098
2023
2118
238
2046
52
2158
2113
2070
136
2105
66
2079
127
60
56
2273
2258
2348
2169
67
1984
60
1964
137
1976
64
2082
56
2074
77
115
2174
81
167
2111
2036
2167
2128
1935
2137
71
1950
2073
2338
2318
70
172
2189
66
48
2200
60
2200
2241
2069
344
2135
1921
1944
2051
66
2172
2196
68
2050
2074
442
203
80
114
2018
1878
59
217
94
2039
196
2006
3378
406
2166
58
61
130
2395
157
53
60
2135
2043
141
158
2147
2086
2147
2125
62
59
2125
83
2141
384
2010
2125
2009
31
2136
2162
2327
2204
2156
2217
2115
1968
2063
2085
51
114
2087
2143
318
2116
2098
60
2191
2026
54
1959
2131
2119
1918
2007
2055
2294
1849
1979
2146
56
112
73
2049
2430
71
2204
117
2216
240
2155
2136
40
108
136
2092
2321
2138
2046
1903
2342
289
2223
2109
2191
56
2222
141
2217
114
1943
60
123
1931
122
2023
111
71
29
192
2173
1990
2011
116
1904
2163
1801
29
226
2056
2043
312
58
153
2008
2031
2284
69
2150
59
2329
2215
2419
65
118
2045
2022
2156
1953
57
56
1991
2032
2674
2113
2214
1975
75
2258
2124
2260
2092
2333
1980
1957
2027
131
2024
2014
2282
63
2176
2174
179
2259
117
49
2054
2001
60
2140
2014
79
128
2068
70
1931
1915
2165
2089
2070
2242
171
137
217
56
65
2100
61
167
98
1834
158
29
2059
2047
2123
1978
2162
2299
34
132
2208
2223
2352
66
67
2131
2250
2180
34
59
2044
2181
2127
2035
36
1980
2053
191
2886
2807
2023
1988
42
67
2154
71
134
1977
130
2151
154
36
2212
2088
87
2033
68
36
2008
128
167
1942
1903
35
2000
2167
35
2224
224
2266
57
2154
37
58
2280
2022
1884
2157
2189
55
2127
2127
1976
2318
70
217
2002
2338
36
2142
2063
2083
1954
3373
2602
2171
78
219
40
2492
347
2370
2167
141
1949
41
2281
2199
2133
1986
2113
41
2151
2329
1970
2271
109
2395
106
2227
2161
217
2144
2150
2264
2187
37
2343
2092
2141
1986
2160
2163
2181
67
63
139
1936
105
136
2109
58
2232
65
2021
2199
1918
2076
2204
2017
2045
2164
2064
86
1927
129
2054
1914
49
2035
2150
63
215
2170
200
2186
2076
57
1994
2164
2073
2045
85
107
2037
2094
2033
2227
46
2185
2076
1942
79
31
117
2233
2068
2115
64
2086
2053
2113
153
86
115
57
35
196
128
112
2022
77
2045
1977
2207
2031
2152
143
2272
2253
1972
286
2223
2238
137
1936
207
1896
366
2108
133
2325
2102
1968
1984
2014
143
2363
2287
2265
2088
114
60
2061
1934
2226
1943
1912
2054
2182
114
32
452
2342
2057
2040
2216
2620
2057
2051
1975
78
49
2539
281
2269
80
82
100
2135
1866
1968
2088
2144
124
56
2085
1989
2070
2238
2186
2203
2166
2167
2051
2208
2117
61
2144
118
2212
2190
89
79
100
2315
74
1908
2416
65
41
208
38
2228
2292
2137
2077
2189
2113
2079
2185
2318
2173
2123
67
62
2177
2218
2186
2114
2263
2093
158
96
107
2093
132
2147
2150
35
2065
54
2066
62
2249
78
2101
1883
1976
2101
193
123
2170
1876
141
2006
2048
58
39
2101
92
2107
99
2221
202
66
2511
1915
2128
2141
207
1961
1945
41
183
2187
2014
2192
2237
1971
2005
2179
1990
207
2284
61
2097
2172
61
2000
2140
41
132
2340
390
2010
58
2044
114
2108
1956
2099
2143
2182
2080
2143
1931
1967
59
375
174
123
2207
115
2089
39
2200
2160
2001
174
109
174
2055
45
68
2343
2297
2098
106
2103
2122
2221
1937
37
39
128
85
76
1977
1881
137
2075
103
2285
101
2253
89
127
30
35
209
32
2172
101
2274
2136
327
2156
2017
2045
2124
2046
2157
2084
58
56
2061
2062
2169
2249
164
2311
2506
41
2152
2047
67
2242
2009
1966
2073
168
2116
1874
1992
113
1912
2005
2160
1927
2077
2266
2107
139
2018
2688
2154
181
2299
2314
2549
66
2180
2100
1986
1937
2134
1851
2063
1857
1912
370
118
2056
157
121
58
246
2165
133
2286
2192
86
1957
2214
2291
117
53
2062
2144
1920
111
2147
1922
2242
2141
60
2093
2433
2263
2233
2239
2036
2171
120
108
2075
2074
117
2257
2292
2234
129
59
2180
2249
207
2222
2147
1993
47
34
1961
2147
137
1988
36
2319
2146
2227
2389
2141
153
203
2030
118
63
30
2213
2162
2139
1994
2076
58
2040
2262
2054
2190
88
2103
2155
2080
201
2044
2317
2244
114
2268
2148
172
63
2278
2255
2155
2116
2386
2344
2122
2173
93
30
2127
2923
2647
2095
45
2153
2036
2154
1806
2065
2028
85
2008
114
2163
2128
2211
153
107
2134
1998
200
119
117
2178
131
2060
2185
2241
2139
1980
63
2218
2112
2208
62
84
2116
174
2341
69
2195
2032
2025
67
36
2065
64
2187
104
2079
96
117
2323
2383
86
59
2175
61
93
49
2111
2335
2092
97
2092
2234
46
2151
1992
83
2114
55
119
2285
2128
2147
2366
124
297
200
35
2058
108
2280
2423
2193
2227
2367
66
2094
2111
2110
108
1932
2024
57
1961
2036
160
2025
196
2164
2003
53
1987
89
215
2256
207
60
72
28
2160
1999
2128
115
2276
2172
66
2064
1907
1828
67
2212
1880
81
2373
2088
2342
2184
2122
2198
36
2184
2373
373
54
2197
2105
2272
2185
2235
2039
2249
2100
2129
2113
34
108
2094
1959
85
36
2080
579
2360
2268
2096
2199
120
2318
120
2207
197
110
80
41
134
2255
153
2085
2146
2245
2189
134
90
2184
114
2128
2131
2191
2127
2150
132
62
2213
2090
2107
216
68
202
2275
63
2193
2105
2049
2047
2152
2194
2217
2238
2196
2225
2379
2341
173
2193
2069
2113
55
380
2102
321
2152
2202
2318
90
2129
2155
2232
132
2187
48
2189
2146
245
2011
2270
2144
2062
2112
114
85
2168
154
60
2226
2181
2177
114
2144
2179
198
37
2108
86
2093
2127
2153
2180
41
2346
2070
2266
2068
2068
2208
2094
2246
203
2300
2509
289
1985
2185
64
2145
2147
2045
62
39
2226
1947
2057
199
2180
115
2235
37
2113
1937
130
2169
115
40
2574
2010
1926
2146
169
475
2009
2389
154
2158
2187
2206
2296
64
2308
2337
59
106
69
2122
164
2325
108
2172
2022
2363
2145
2253
2234
179
2266
208
2373
2189
48
38
118
56
2182
2176
2091
146
2202
2125
66
2230
36
65
2182
2012
36
2341
37
47
2110
2310
2220
175
97
198
2127
2162
2084
2306
2176
2372
2162
2201
2102
2142
467
35
2323
94
57
2304
1992
2125
2297
1983
2282
2178
36
363
2151
2286
38
2275
2225
2070
37
2044
2160
2882
120
154
2762
65
2023
79
2137
191
86
2086
3002
63
69
2105
2128
36
2233
2017
36
2001
2144
57
2279
123
2069
2311
2130
292
2171
1952
1953
2258
119
134
158
2429
2245
2109
1911
170
1982
2262
1866
71
116
73
1929
2055
2140
2218
30
2167
2225
58
2179
2052
2063
2352
37
2335
36
2276
72
2101
1983
61
2238
2233
70
1886
2271
2363
72
2122
2363
2036
2050
2152
322
2439
294
105
171
41
2198
2270
61
2182
2045
2055
1941
2242
2049
54
104
1962
2093
69
61
1952
2099
94
63
114
1954
29
1998
2212
2409
135
2160
69
59
2120
2270
2355
2173
2220
42
2408
2236
2247
2033
37
2395
2151
2585
2911
1984
2154
93
2004
177
67
2123
55
62
176
60
66
2116
2336
1953
2220
177
55
2053
116
2050
2040
2219
2288
2019
2075
2075
133
2160
2000
103
230
2327
2079
71
2141
224
40
55
2028
2045
195
28
2249
72
84
2189
1994
251
65
2032
2152
1956
2139
207
114
168
2016
2027
201
100
2269
125
59
56
40
2194
2298
2458
2281
155
2086
238
2129
175
2237
2241
2441
114
37
59
37
2267
2148
2334
2293
2070
1998
2173
2108
126
40
36
2141
179
119
122
35
68
2100
2190
1946
167
1975
29
2099
2049
56
2056
35
2149
2199
2232
2116
2143
2116
2113
1911
2031
2159
2267
2060
175
2111
232
2068
2152
2236
2171
2190
135
2124
2078
2327
34
2499
2153
209
2145
2204
2085
1861
55
65
2034
2050
2094
127
2333
2030
1896
2115
422
227
2100
348
54
2086
2206
199
56
2096
226
1989
36
138
2203
2291
2139
2386
75
2102
2054
123
2414
2279
35
76
2301
2180
2193
221
37
37
64
2090
2170
2257
2039
55
2090
2152
2028
32
1947
2044
2344
2002
2234
2139
2038
2096
2130
2160
118
2224
56
2035
2143
2175
2120
2051
2171
2141
2081
59
2224
2214
30
2148
2386
38
2006
2284
2398
2108
202
91
69
115
2215
2382
40
2055
2169
2210
2381
173
2060
2253
51
2351
2324
2287
2319
2277
2299
2406
2059
2271
2688
79
40
221
2187
2261
2392
2356
2136
64
1928
2017
60
1870
2143
1946
1883
2163
1981
363
1998
210
101
2076
2097
2415
2336
211
402
29
167
1938
2208
2292
2094
1933
2258
2000
2408
2387
1110
68
2191
2343
177
65
2523
82
2265
2240
2093
36
35
168
2300
232
2232
2155
2204
107
58
2267
2064
2126
2148
1988
89
105
2103
2014
41
2112
323
2082
294
48
2451
2381
136
2365
2157
134
2127
2027
2120
311
111
35
47
2070
1943
112
2001
2160
2216
167
1896
1944
2079
2162
2125
382
173
68
100
2020
2157
320
58
2066
56
2063
127
126
2163
2053
2021
186
1866
2001
29
2098
2191
36
2071
1993
1927
61
140
34
1977
2241
270
191
1988
2161
91
2110
2029
2003
137
1984
2095
50
37
37
2115
112
34
1932
118
95
2162
1969
174
1932
39
115
2142
2159
2027
2023
35
37
207
56
55
36
57
2198
2088
2112
1980
39
35
2369
41
160
2026
2012
2062
2122
375
1970
110
249
91
2149
2195
2025
168
167
54
2002
35
471
101
64
48
2048
287
2137
2412
2294
225
2257
2131
140
120
2401
2071
2057
2234
2114
78
2215
1959
57
2176
2045
111
37
2019
167
1896
2318
2081
77
2137
2212
2132
89
2129
173
2035
2185
62
2260
36
2186
41
82
1967
88
2013
137
2079
40
102
2011
2170
154
129
2302
118
2238
2101
1911
167
59
1880
54
136
2053
1989
56
201
2150
37
34
1891
51
2208
2368
278
56
36
2209
70
2225
45
2085
2208
2245
53
58
59
2158
2027
1890
2536
185
2599
2061
87
1967
2332
40
2293
124
2255
2176
2140
2084
2230
212
81
2141
2165
123
191
357
1954
2115
2332
118
2271
2101
2071
111
2280
2248
2131
2340
2314
102
141
279
2239
2106
132
1975
105
2147
90
41
2141
2089
2000
1887
2113
2060
27
2002
2091
34
1994
1945
1978
2034
2221
63
647
2029
51
358
81
2244
2336
2336
2250
2151
117
2190
56
81
118
2280
2060
88
2178
2058
2118
2076
2086
60
2163
2102
34
2122
2015
114
368
79
280
2098
2192
69
2141
2124
30
2112
1982
2030
2085
359
2069
88
1990
56
2022
1984
56
1996
225
123
2203
2072
41
2244
2021
2246
2101
1973
2166
2196
2581
129
2267
2113
60
143
91
2195
2200
1972
2082
1976
2090
1852
2071
2043
1942
86
2393
2174
2043
69
2127
2089
71
2141
2085
2080
114
2267
2215
60
56
2142
2159
2057
2167
65
2059
114
2088
2058
200
2124
2005
2260
2293
2248
115
102
118
2227
2325
2315
71
2033
2158
172
2197
69
2413
101
30
2352
244
2177
2425
2209
41
2233
2141
2194
2070
2240
172
2198
2199
1861
2041
2146
1956
133
2173
1927
2029
1961
2029
2034
287
2022
2147
2023
322
2409
2076
2219
2053
2398
75
2025
84
60
2102
38
2314
2298
37
41
2269
2352
2061
2339
187
2251
36
2108
1915
2853
321
2748
2139
2141
2556
2829
2247
2129
90
50
1948
167
1964
2207
2258
95
35
2181
43
322
76
2334
2170
1997
1952
2018
2123
66
41
2171
74
108
2205
69
2154
2181
2202
44
202
2300
57
509
58
2165
1989
29
35
2146
70
288
59
2090
37
175
83
2200
2115
369
369
2232
2306
2096
73
2247
40
2343
2350
2211
2091
2065
2139
2124
58
2072
1976
54
63
2203
2285
174
2235
64
2200
174
2169
2343
2056
115
37
40
2257
2205
36
67
159
132
2290
2214
2071
2045
2074
2074
66
2056
2086
1982
48
2097
2042
58
196
2057
280
29
137
1942
35
1962
192
49
2071
2014
79
1993
2181
2150
1936
87
110
2177
128
2232
2125
107
2089
2113
2106
128
60
2451
297
216
1973
2258
181
67
223
128
375
1926
54
2051
2073
2090
2216
69
2134
2178
63
140
2248
77
2033
2081
2069
2332
2099
1972
111
2116
2065
2049
2079
2169
2033
134
2098
2135
2050
2203
2429
207
164
380
2219
2196
2183
68
2236
2196
1997
124
62
2132
1907
217
2134
29
59
1943
2033
2010
2031
136
2023
65
369
1929
2129
2016
2342
58
2170
80
2060
1942
2011
2157
217
58
2135
37
2133
72
53
2307
52
2253
37
109
2209
2213
2171
2182
2245
2140
288
2375
2240
2137
48
67
2309
2103
245
94
2229
1959
2167
122
2189
2085
101
2169
2333
2363
2126
2012
2014
2067
2184
2053
2070
147
106
2030
2158
2081
108
2160
193
2003
2047
2108
54
1922
136
59
2103
85
137
2087
117
119
39
2014
2016
2060
2490
93
2276
2239
46
2269
82
59
2079
209
2020
2034
1924
2207
40
62
36
97
2064
2188
2316
2202
2102
2055
73
2273
34
2239
224
2297
173
158
208
2186
171
45
2157
36
59
208
2199
2091
2160
37
59
59
53
2059
2002
2085
61
35
60
2075
2032
1972
87
79
58
153
64
2028
2162
39
287
49
39
2122
1886
30
156
1903
2018
2036
1961
2143
114
2047
1911
1961
2242
2070
2015
1987
31
1996
79
2212
2227
36
213
104
2237
2321
2181
2160
1998
2054
2192
2056
1988
2016
2021
2048
2125
295
2149
38
56
127
141
106
2265
2234
2228
115
2193
2156
2099
114
2090
2395
137
3375
3323
1993
2040
278
70
39
369
2823
115
3402
144
2628
2127
1969
2156
71
39
114
2313
2275
2101
356
2177
2391
2027
220
81
2130
94
66
59
2069
2084
58
146
2097
2226
123
2339
2842
2338
2446
61
2180
2124
2544
2154
2119
205
2432
2402
2504
2169
2065
2144
203
43
2332
2258
2288
2368
35
2443
2560
54
36
2257
2298
2272
2345
36
2346
2544
71
2136
2893
56
52
2323
2250
2085
2516
2135
80
2118
2291
2530
2461
203
2283
60
66
122
2488
118
38
494
2221
2584
37
143
67
2104
2243
2435
2572
63
330
379
39
200
88
2117
2270
83
38
2574
2205
2284
2181
59
2459
2430
2292
29
2470
2620
42
2506
297
64
2431
58
2123
97
2612
2161
2596
2570
2098
2614
2144
2262
2310
68
2412
228
2129
117
2260
2598
2276
42
116
2223
2065
198
106
56
2196
91
2182
2427
3072
66
81
2176
2408
2255
45
2461
66
2159
2245
118
74
2278
2499
2265
115
2190
123
2351
2144
2278
40
2120
214
2443
2626
219
61
36
2439
202
2451
2216
2037
56
2354
2390
184
2146
289
2150
2630
117
2344
352
60
2237
2127
2291
2526
135
63
60
2276
2287
2266
49
2350
53
380
30
2217
162
2476
2240
59
2149
29
2294
2472
2628
38
2578
35
2281
119
56
2183
2310
2542
3103
2171
44
65
98
2160
49
2430
2638
74
2214
2560
2330
2442
2313
2054
115
2627
82
2267
2340
2180
2749
2111
34
2340
2222
150
2251
2203
49
2349
180
115
2258
2466
2291
37
72
161
2375
202
2343
2590
2525
87
2449
2458
2180
69
2461
139
2231
127
2257
2253
2232
280
2189
2291
2268
2145
2227
2220
131
2133
2226
118
118
2098
268
227
49
2381
3163
79
172
3195
2196
74
39
288
67
36
2267
2777
3256
2307
67
134
2165
2462
76
2354
2311
62
2252
37
2405
2206
187
2278
2269
88
2047
1907
2297
118
2300
2013
2094
2216
2112
38
118
2428
2227
68
2396
115
67
2164
2537
2232
2273
2395
2498
2439
2229
63
43
2231
118
1766
2415
38
2084
2225
2302
2275
61
2387
2235
2445
2366
2553
32
2290
2164
70
2503
2198
2624
2366
41
2354
2564
2334
2151
2461
2354
51
2538
59
2173
2399
2539
2501
2237
2284
2327
2176
2332
215
67
62
71
37
2234
2372
2494
201
33
48
2529
118
2178
2242
2270
2351
77
2409
2249
41
2149
2533
2194
2369
3306
53
110
202
2228
2110
1863
63
2301
2334
2159
209
86
2357
118
2177
54
2171
1998
56
2147
2131
2244
2293
2264
57
2250
2325
59
2305
2076
60
2103
77
2129
59
387
2039
89
2036
1925
2060
127
2010
62
172
40
2146
84
2048
1951
2233
68
2159
34
1966
2213
89
2448
2250
2029
1984
61
2035
383
2134
2504
101
2181
226
2239
2245
2192
2291
116
167
2206
2119
2238
2229
2172
115
2120
2148
1998
29
2199
2248
2224
142
1992
1964
2393
2107
65
59
287
2286
200
82
2199
2045
92
172
2097
2006
2388
69
214
2321
2401
2118
2278
2272
2240
2341
2210
2250
1980
60
2276
2328
2193
2115
2167
142
2220
2043
169
2004
56
54
1942
230
136
2114
2270
2250
2225
2176
2266
1873
2216
153
2133
41
2116
2088
123
2143
1997
2289
2133
168
2479
83
98
2127
2326
2224
2200
65
2243
2340
2192
128
1955
2137
2049
57
59
2376
2076
2051
2189
49
118
36
2187
2039
2165
2059
2055
2333
2019
2057
2128
35
2084
2222
2229
2070
150
41
2209
1976
2321
62
63
2187
2071
2206
40
68
59
2184
2246
132
2100
207
203
195
1978
2068
2040
2233
2157
36
2289
2318
280
2051
248
56
126
247
176
2096
2259
2215
57
2198
41
2244
2331
68
1906
1968
2107
2304
2319
2261
159
2310
2126
40
2295
2120
2068
208
134
2095
1963
2034
50
137
29
2189
2152
2117
57
2053
115
2112
1964
115
2135
65
60
60
62
2038
2100
270
167
39
312
2085
2017
2114
103
2281
62
73
1999
2230
1886
68
2400
2243
2175
2142
103
2009
1998
1970
1964
30
2261
2018
312
2216
2100
2227
2113
66
54
2140
2050
2080
2096
2075
59
86
2197
2144
2192
2316
73
2265
2327
44
113
2233
172
415
58
2197
2004
2055
64
105
2128
2082
192
35
51
114
117
2029
2075
2044
48
2013
56
2029
2118
1931
64
2087
247
59
2096
2207
2155
136
2098
126
194
34
2019
1967
2019
137
2129
85
36
2058
2216
90
139
114
2213
2012
2046
34
137
2158
2135
85
1920
100
1936
2158
2036
2147
2187
2201
2319
2251
86
2240
2249
2047
2082
216
2016
2005
2162
2062
1998
2209
2090
136
1908
35
2044
127
2069
2230
115
38
2264
59
2139
149
2136
1930
2295
2572
91
2088
38
2336
2256
127
2117
2098
66
2040
2050
60
131
2016
2265
2253
89
2094
2248
91
97
2085
2027
2317
2342
2258
2085
174
2223
148
31
2304
37
265
2281
2236
2205
326
2388
2168
2050
2022
66
1981
2176
2151
47
1976
40
36
108
2088
29
313
2142
286
2030
153
93
59
1944
270
1995
1972
1934
115
1958
1990
202
2073
2140
2063
191
35
2014
1973
1904
34
2095
2236
2129
127
1995
1969
226
2268
173
2364
36
2236
2301
2388
2333
62
2290
2401
290
2290
36
2341
2007
41
2128
2160
2359
2109
2360
49
2391
56
2151
2225
2368
1922
104
65
2166
2272
92
2308
2125
59
2157
30
2134
2172
2582
347
2022
2015
142
85
34
2094
106
46
2017
1888
1953
60
47
2254
180
104
2102
2063
2037
1863
1990
1883
2123
191
37
2335
2115
2157
30
109
2101
2162
201
2075
2035
72
2146
2076
59
2000
2035
2140
2065
2197
1968
2065
2226
2295
286
2046
55
80
2127
1899
59
85
113
69
58
2007
2057
76
1972
40
1970
811
1987
2139
1971
137
2174
57
1997
61
1877
34
2179
2016
2075
321
140
65
207
2122
2314
2127
2059
1908
2063
202
2198
2128
2137
2083
35
103
59
2032
2044
90
2111
2039
2154
2157
2191
114
1956
2191
2182
41
2125
322
36
41
157
2168
2360
2277
2300
2192
114
1850
288
2246
70
62
2163
2023
2074
2151
2344
82
2193
2227
2162
38
2134
38
59
2282
2405
29
59
2268
2237
2320
2281
2072
2331
67
84
2136
2318
64
106
2173
140
118
59
2245
62
85
2094
2130
2227
2595
2282
185
2179
32
53
37
2269
2101
2158
2178
2193
2239
2198
147
2278
123
2249
88
2399
56
2416
2334
2008
1912
2173
35
1960
2043
2101
2184
2171
34
2025
29
1985
286
1991
2019
112
167
2088
133
2226
2126
150
38
2388
2076
2155
118
2017
138
230
2105
2234
1954
2268
2297
2158
2178
37
2342
2270
54
1990
2258
1899
207
51
39
2240
2136
2321
2183
2226
114
29
2222
51
2129
2201
118
35
2141
2133
2160
2284
2278
247
65
2202
65
2148
2604
1968
1948
1980
2103
54
2091
2215
2077
61
1910
94
2179
2279
2098
2051
2045
128
54
2083
129
2009
2123
2096
2140
1912
39
37
1977
79
1967
94
1969
2034
1961
2141
2196
2328
118
2115
226
56
2344
287
438
1894
61
2029
2233
40
40
2128
170
106
2025
192
1980
2001
1891
28
2111
176
2236
2133
2157
1912
2054
2172
102
1903
2068
102
1827
2006
121
2345
93
2115
30
2147
2050
2178
55
2130
54
158
2012
1973
66
60
69
2144
419
2098
2098
67
1917
119
36
2381
2201
71
381
88
2294
65
382
82
1894
41
2177
2062
2062
2060
99
2341
2407
41
41
2090
2051
1933
1911
2058
2021
2305
2232
1948
2188
2248
2132
2702
2074
2109
2105
79
65
76
381
2289
72
1942
2214
37
2159
2086
2091
2317
2230
2262
2165
2207
2083
159
2327
209
2378
208
59
113
1994
2053
2417
243
2091
141
35
2079
2017
2076
2292
35
1977
1935
2113
36
2090
67
2210
2222
66
2307
1993
2130
236
2257
41
126
198
67
81
2193
159
2076
56
69
2088
2154
2250
2167
2073
2258
150
1947
170
2113
64
2133
2129
2163
170
171
108
115
2024
92
2253
117
2075
2110
2008
40
56
1978
126
2075
67
62
178
67
2118
35
2105
2063
2207
72
1976
2255
1968
2111
67
139
2235
2208
29
2087
2148
2210
2078
2125
2271
72
2295
35
50
2175
2322
2207
2139
2220
36
82
2171
96
2132
34
2739
75
3133
2137
116
205
55
2091
2536
2916
88
2539
215
2211
33
2031
61
2046
1912
2151
69
2114
2144
2138
2051
2165
38
2256
2012
1991
52
2006
2159
81
86
2028
2075
2008
36
40
2277
61
60
2088
123
2137
2078
40
30
2136
2066
1987
86
30
2084
2107
2033
40
241
1912
59
241
2020
2090
2070
2151
2240
170
87
116
40
2127
1970
63
2080
37
2309
2094
2360
2329
2230
29
2119
211
2040
2021
2206
2194
2012
2085
2140
2227
88
38
368
32
35
2249
62
2234
2246
2382
55
2250
182
2170
2198
204
2149
2230
1910
127
2301
2150
2226
196
35
2004
2206
115
2139
66
2240
172
47
2178
2146
157
2235
56
2325
62
2171
2599
155
2187
2291
179
2157
2027
2209
2006
56
1995
2219
2135
1957
1899
1841
2189
2184
2195
2008
40
2058
2153
1981
114
1992
132
56
59
2179
1921
2130
173
2185
2238
2224
2079
39
2032
118
1967
1966
2201
2082
1969
2008
2118
2068
2068
1941
1937
1920
2091
2196
2163
54
34
66
2058
108
35
2030
2122
123
176
2319
72
111
2139
119
2019
66
2175
1910
2045
2076
2067
1868
2090
2175
2205
183
2008
2048
2083
117
2034
2260
2114
145
2172
2222
2246
2149
2220
355
2131
2154
2309
2211
2198
2184
67
2187
2113
38
2276
2287
2226
2254
2283
2048
124
1984
62
2073
37
136
2251
38
2185
2209
2011
192
62
2085
116
2220
365
90
380
214
59
2092
2272
69
41
2132
83
2363
2186
2099
2345
2073
94
1966
1878
58
87
2229
96
2305
2071
2008
2075
2113
2210
2159
2000
91
79
2091
2095
2138
61
2240
2218
2178
127
40
41
2081
120
42
36
2313
63
2170
32
296
2187
56
2089
2013
2245
2309
58
2150
2016
2089
192
2027
1921
153
51
312
1902
62
2042
1972
2114
286
2062
114
35
2060
1914
2019
1948
286
1971
60
39
1995
69
57
2099
61
2189
2118
2192
33
60
66
2120
322
2201
103
36
213
2257
756
2188
2030
179
203
136
202
2052
2014
64
1913
39
62
61
2017
34
174
48
1905
2115
152
2007
1913
2047
36
2061
2051
2344
2152
2210
283
2256
283
45
64
2889
175
2137
220
2157
38
142
2291
214
2762
58
2799
2081
119
2266
2035
2167
2172
2268
2225
2078
2151
2059
2091
2268
2098
55
2106
2169
2069
2017
1957
31
1969
2258
62
2013
1968
57
2136
2092
2016
36
2043
2164
2172
59
1950
1993
2010
130
2002
63
40
39
2095
2129
62
103
37
201
2263
143
2111
2270
2291
2333
98
2096
2086
123
1951
221
2058
1905
2091
1918
2061
2259
106
2161
2073
121
2296
2063
158
2093
35
131
1993
2241
106
66
2171
104
62
132
2162
2108
2124
2080
2034
2144
2008
81
63
118
2208
2166
2164
2120
2031
2191
1954
2074
36
2005
2121
2190
2136
2901
47
2051
1940
59
1990
2070
159
2240
59
61
2117
54
1983
1987
2133
2021
1914
2181
2049
113
2131
2085
1997
2064
2019
69
40
90
202
169
2045
1918
1943
2308
2145
230
2191
2190
2121
2041
1953
1987
2073
289
2145
57
55
2001
2228
2173
51
36
2165
2172
2104
118
41
2242
2122
71
208
2175
1995
1899
2088
114
39
1963
2004
2046
127
114
1974
1986
2045
2096
1970
54
2020
1853
2005
81
2007
63
2224
2147
29
2074
88
2162
179
1927
1915
1945
2106
1997
1951
112
2056
1950
2183
2132
280
2121
2005
2109
311
1932
107
151
56
2218
102
2108
2077
2011
2205
1997
208
113
47
2067
2004
2283
2241
2565
73
234
119
67
37
40
2140
2124
1988
2128
2079
2117
37
73
1984
1970
384
2151
36
65
2247
2153
2092
2014
1994
137
2042
2038
2138
1835
237
257
2005
1947
312
2111
2153
2061
124
2238
2161
2539
228
2243
1944
1971
2048
2821
384
2454
2048
227
2033
1845
176
63
116
2136
143
2280
75
1916
100
153
2154
2187
2039
2087
39
2193
2111
2156
2227
2033
2233
2324
2015
2286
2171
142
288
2104
68
2098
2263
34
2056
2153
116
2175
237
59
2251
64
40
2094
88
182
2154
141
2108
45
2094
2115
145
2116
31
2294
2134
2206
2165
2124
2293
2225
2184
56
30
2221
2191
2200
2290
2270
2131
2056
123
2423
1959
191
63
71
202
2227
36
1970
2244
2083
2152
57
2173
2074
68
1947
2109
1940
121
2145
1921
63
2264
2313
2149
2033
1994
2082
221
2106
1979
176
217
2156
2244
2158
66
2308
2027
1968
2037
2191
2145
2058
32
2023
2215
2148
2165
2327
35
36
2264
2231