0
1276
55
65
1248
1099
1153
1093
61
1185
73
1180
1113
89
200
1232
514
1108
135
21
1106
25
30
1149
20
1160
70
1092
79
53
1257
186
1110
1190
1076
1197
1120
1156
24
1140
1106
1242
53
1139
1120
44
35
1095
1173
267
47
35
1170
1142
1170
1134
42
1160
1088
194
1090
22
1103
23
1105
1099
1222
33
1186
1124
48
50
1061
1062
1112
1153
1160
1126
33
1150
1149
1170
135
68
25
1125
1099
1128
53
25
1246
1125
80
1126
42
247
27
1125
86
126
35
1098
63
1088
1085
1138
1107
23
1073
70
1065
1123
88
52
1070
1078
34
1068
59
1120
1113
234
1176
1218
33
1213
1156
1143
1131
1172
171
82
1237
69
1108
1106
1099
33
67
1143
1188
1122
50
54
40
1106
1129
1179
1170
1143
1241
1191
1212
1247
1125
109
1065
70
1136
42
1091
1164
41
1097
1169
1145
1871
87
1168
1269
1103
1144
113
1208
154
1270
1151
1184
1080
1149
44
1142
24
1147
1185
1138
30
28
1081
1104
1178
25
1096
41
1167
1158
122
1135
1146
1117
1153
67
1106
1144
1207
1187
1147
47
28
29
1131
21
1066
20
1192
91
1214
1152
1140
1116
1118
1126
1115
1112
43
24
85
1234
204
1167
1115
1144
1178
19
25
23
1097
1160
1187
1199
1132
20
1209
115
1160
128
1145
75
1189
1062
1156
1190
1106
1193
32
32
1164
1129
1220
1198
1112
1128
1220
1117
131
1113
1182
1158
1116
1117
1170
82
1156
55
1101
1076
1108
1151
1176
49
1118
1171
1149
243
1185
47
1150
1163
54
43
22
21
1218
25
1239
257
68
73
1202
85
1136
1104
52
1134
1180
73
70
108
95
1171
23
1102
1182
36
19
1124
1211
1142
25
1201
57
1163
1150
1148
24
55
1242
136
1205
1083
43
33
1135
73
1107
48
41
1118
1154
1131
35
1230
1133
1141
85
119
1125
1132
32
23
1188
1191
71
24
105
1123
1144
1153
32
1185
1116
1263
1130
1093
23
1123
46
1112
1157
51
1095
1092
1187
49
127
57
1146
89
1161
72
51
1171
24
1105
1124
129
24
1125
1117
1143
21
1098
1121
1138
1208
1145
1076
1185
1116
1161
1085
42
1129
1168
23
1126
1164
1134
1125
27
108
1106
1150
1091
70
1153
1122
47
1126
67
38
1034
66
1161
23
32
71
1206
24
1170
1124
70
1109
58
1160
42
1107
1120
1081
1145
85
100
36
56
194
1067
290
27
2089
1207
1172
75
1168
1233
1158
110
42
1166
1218
89
1172
46
66
1170
1193
24
61
1111
1130
1131
1099
1160
1124
24
1132
127
24
1133
1217
34
1125
1128
118
294
1174
38
1100
1110
1198
52
41
1191
208
1093
1115
1125
1188
24
1144
41
1114
1185
1218
1169
1157
81
1263
1109
1102
177
1224
66
65
50
1152
1173
75
60
49
1131
33
1180
20
67
1163
1095
1111
36
1101
1086
31
282
1125
1122
1178
1137
1181
109
1169
43
45
1154
1111
23
73
1075
35
41
1109
1186
1159
1173
84
1223
21
1125
1114
35
82
53
1115
75
1161
1196
1147
40
141
1034
1178
1098
33
136
1125
1119
20
1138
1108
1158
23
1211
90
1193
1115
1189
1115
40
1154
1102
1133
1174
1120
1082
58
50
1088
24
1098
183
1194
77
1183
1171
1118
75
1177
81
1115
1147
88
19
120
50
1170
154
200
1089
1121
1131
76
33
24
1185
1079
1115
1120
1232
1143
227
1103
1594
82
1424
1124
1128
75
25
24
1166
92
73
1200
1208
44
1241
90
1172
25
1072
20
118
221
31
1113
1170
188
43
22
1162
39
1178
27
1172
1161
46
48
23
1159
1081
73
1165
110
1087
1084
1139
1158
1178
1135
1201
1127
1200
89
1113
1123
35
177
46
1113
37
1179
34
1208
86
1199
120
55
55
1137
64
24
1148
1117
75
24
1192
85
1165
1213
1171
1165
1142
53
75
1122
69
1139
97
1112
1154
1120
1210
1152
1215
25
1141
1138
1157
1151
1181
71
1150
1122
85
1093
1080
1139
1178
24
33
109
1136
1164
51
24
41
1190
1154
20
1099
1090
1120
131
1096
1131
1152
1064
1162
1117
1152
72
24
23
104
78
1153
1127
1162
1120
1193
42
1196
1214
1211
88
1090
1132
24
1159
1139
1150
1128
70
194
1127
1124
1144
1170
38
1172
1165
1146
114
51
52
1213
1190
1086
1129
39
1146
20
1082
1162
70
1184
1149
1180
51
1130
27
1130
1194
58
1095
1134
24
110
183
1210
37
1167
1123
1145
41
1219
1148
1069
1156
1164
32
23
1085
232
23
56
1200
55
1124
1158
1135
1206
1218
75
69
127
20
43
1139
32
1081
1077
32
19
81
33
1107
1129
1136
1199
1162
1219
1152
1117
1113
1115
109
1121
1832
112
1472
48
1129
1189
1083
1304
1113
1277
48
61
1129
1161
1107
1134
28
1079
1172
1122
1110
77
1153
53
1102
1162
1131
110
1153
1081
66
79
1134
26
52
1168
1158
1069
1088
38
1076
24
1138
1125
1161
1116
1149
1163
1075
1163
33
110
1063
21
1096
111
1154
1117
82
38
1071
1085
40
1120
1257
34
1195
1196
1170
1090
33
1180
1107
1107
39
41
45
147
1190
100
1246
75
58
1162
1158
1195
1135
24
1127
1123
1186
24
1136
1115
1198
1155
90
1137
1187
1161
1167
1138
1187
57
1185
36
79
1160
1200
56
32
1131
1086
1108
1220
29
1187
1122
41
1097
1184
1183
1136
79
1090
1127
1069
77
1186
1192
1199
1146
1129
1148
1158
1137
156
1217
1133
71
89
1211
1179
1102
31
1149
1192
1143
1145
1105
1157
1161
1213
1090
44
1159
1154
145
1157
24
44
1108
23
1093
1087
1103
32
1130
1102
1215
50
1147
49
105
101
1204
1175
43
1167
108
1160
90
44
20
81
44
1168
1079
81
1194
1168
1096
1116
1163
466
39
1176
36
1161
32
23
1117
23
1191
81
1098
66
1115
32
248
81
52
1183
175
1109
24
80
1117
1169
1145
1191
102
41
1245
1124
1170
1214
1222
1178
1180
1181
28
1111
1157
89
75
1123
1094
1227
1120
1216
1148
1187
1182
1210
1146
1179
1166
1093
1090
1209
1147
55
1108
42
20
179
1079
1187
41
1182
74
1087
23
1292
1524
67
1126
1230
24
113
1924
1305
1164
25
20
1178
46
1132
1192
1090
1103
89
1346
63
75
152
1169
21
1203
75
25
1212
1139
34
81
1100
42
24
1119
34
133
23
1176
1149
1097
244
256
42
1112
132
40
1097
1162
71
1166
74
27
1186
1099
55
1165
1164
75
43
1174
38
1141
1058
46
1157
1222
1102
33
89
50
1143
201
1267
1158
1125
27
1163
33
1127
1148
75
1229
25
1186
34
1148
1135
1085
1108
68
19
1104
1135
1193
1082
1161
1158
1132
1060
1151
1188
1113
26
1201
74
1153
1126
1116
1155
1121
1164
1127
28
220
185
24
82
1136
49
1140
110
110
42
1145
1123
123
127
1140
50
45
1223
57
1191
56
1137
1138
104
23
40
1180
100
1235
1070
1108
23
1132
1115
24
1167
1191
1124
1196
1121
1176
1128
1164
1117
1112
108
1149
1167
51
1213
136
27
1119
1218
120
1067
20
1112
50
1120
1178
1151
186
1107
73
1190
1202
84
1241
1108
1149
1180
1491
141
1964
1393
78
1086
1177
1128
342
1114
1553
28
1356
180
1294
78
1161
1220
1155
1192
44
112
1136
1190
58
1195
1118
44
45
178
30
47
1159
1196
1275
1142
1208
25
62
1190
52
1119
1194
1182
24
73
1118
1168
1171
1158
49
32
1131
26
1094
1122
24
1164
24
1128
1185
1160
1130
23
150
1127
1199
1182
1186
1199
42
50
1101
1178
1223
45
1229
1176
25
1151
1166
71
1166
30
1166
1139
1204
1149
1136
1112
55
29
1095
1163
77
1204
33
1173
40
78
1142
75
1090
27
1155
79
1186
227
41
1161
1182
1247
56
96
1148
1160
1126
1135
1151
1158
1117
234
24
1170
38
69
1135
42
80
47
1129
32
1170
141
1146
1142
68
1106
1161
1109
1132
1119
40
1202
1160
1117
57
1111
44
1172
40
1155
1199
1149
1138
1122
1134
40
1183
65
89
1136
1093
178
1145
1180
38
135
1121
1156
1157
34
1162
81
49
1089
46
1177
64
1195
1166
1111
1103
1101
1153
1103
1170
1183
37
56
1176
125
1116
69
1109
23
1090
1163
1098
71
1191
35
1162
101
1172
84
1156
1188
80
1195
1167
1151
51
1120
1105
1193
20
1081
1144
134
1160
1167
1189
1206
71
1942
45
50
113
1456
1210
100
1127
1187
1149
1187
1178
37
1488
1165
75
122
1061
26
55
23
1058
72
1093
1168
19
82
67
33
38
1151
1181
1163
51
90
85
1207
1233
28
1147
24
75
1230
1134
42
1143
1220
1142
1127
1106
1135
1206
81
53
21
1124
1178
1104
20
1096
20
75
1086
66
1070
1096
45
1105
1173
124
1158
1177
40
42
1153
1169
1178
1176
73
463
1124
1142
67
1200
1234
68
79
28
1138
50
89
1164
101
1163
81
72
23
34
1194
1155
1199
1151
1121
1134
27
1132
177
55
1131
36
1164
1158
1127
55
1111
1095
19
1169
1159
1111
38
1132
1142
1130
42
41
1215
154
1196
1085
57
85
1109
1132
176
1157
1136
1138
84
1196
147
42
137
1163
104
1175
1170
76
1080
32
1149
1160
39
1124
66
1150
34
1116
186
1088
41
57
24
44
115
1207
1080
33
1147
1083
1121
1127
24
1233
223
1160
1149
1185
1080
1191
32
90
19
1147
27
26
20
26
1155
21
1088
1244
128
60
1154
1156
54
1145
1164
229
28
76
74
42
1198
1170
1167
1168
1124
1148
1200
1125
1182
1165
20
1086
1171
1185
1147
1213
1169
1133
1144
1082
23
78
1157
1143
1206
1181
89
24
1144
1082
1167
153
97
221
1131
1125
1172
1122
1568
1756
90
1606
1175
1123
1111
1222
1220
1120
1871
1456
1387
1103
82
1135
1101
1160
1176
1152
1109
1205
1183
48
1254
1089
1121
56
1154
1185
1134
1115
55
1201
1181
1125
1146
1197
1209
1219
105
1131
1093
71
33
1161
79
42
1091
1158
1207
24
1118
51
1192
1124
1109
1143
1187
24
1091
83
77
53
103
1209
74
1221
83
1146
1108
1125
1068
1110
70
1176
1077
32
1131
1084
21
30
1207
24
57
73
1169
25
1197
1173
112
1163
1112
1105
48
1198
132
24
1162
1146
146
1155
1086
1150
21
1132
1212
1102
1090
1117
1149
1194
46
111
1178
65
1151
1159
227
1068
1211
1194
1204
25
1132
1165
1103
1099
1177
1081
66
93
1069
1185
52
1124
84
1210
1083
1150
37
26
1107
202
1133
1200
1090
24
132
1178
109
1120
37
1106
1204
43
1116
1135
57
68
1152
1185
1120
1130
49
72
1112
1148
1143
1187
46
32
1150
1105
1066
1073
96
1143
27
55
1073
20
101
54
23
195
66
1146
1234
1132
1143
148
149
1135
1138
45
1211
1171
1167
26
1155
1180
79
152
1164
369
39
1115
26
1136
79
1133
75
1168
1185
89
54
1231
43
123
1095
27
1801
1745
57
98
1350
1176
1133
1059
1268
81
1333
1702
1360
1101
68
38
1135
27
90
1111
293
23
1135
1101
1090
1125
32
23
79
1111
1093
1176
1114
1240
1197
105
1175
1168
1106
108
71
97
1189
1130
76
1207
1202
78
76
1167
33
1120
1104
57
1174
1100
1129
1139
45
138
27
32
1137
1133
1145
71
1158
1152
1196
1105
25
1116
1148
1155
1121
1201
48
1139
1126
56
61
1181
1163
1143
1105
1112
24
20
1158
1103
75
1232
287
1276
1235
112
92
1171
1189
58
19
24
80
1115
129
1179
1164
1193
1170
1185
1108
1102
24
1169
1169
1111
24
23
1166
1108
136
39
288
1109
1081
1154
110
36
1114
1061
1197
1177
22
1164
1137
1152
1133
1097
1128
1128
1214
1168
1142
42
44
1166
1185
1132
1187
28
1178
20
1164
1201
54
38
131
108
1112
54
1192
1078
1120
33
1150
1138
1151
50
1165
1115
135
50
1095
229
1143
1179
1180
1115
1163
39
1135
1194
40
1158
1131
1137
130
1196
1105
1172
222
1089
47
1133
25
1173
1147
1122
204
1096
25
1100
30
1341
50
1151
76
1103
1130
96
1261
1182
1196
67
1165
44
1123
1176
1155
1116
1166
1176
78
1159
56
97
34
1112
32
1137
228
35
1126
23
1139
1135
1112
25
1141
1161
1100
1196
32
145
1129
78
1215
1188
1136
997
72
1113
1163
1163
1078
1207
1177
1176
63
1081
1140
1172
1092
1117
1065
26
1179
228
1194
83
1268
106
178
187
1428
67
478
25
224
48
1198
1180
43
23
1068
1115
1141
32
1352
1245
81
25
1089
32
1115
1113
1148
24
1153
75
1160
46
125
42
110
1114
25
1090
34
124
1116
1089
1198
34
48
1072
93
1087
1094
1150
23
105
1109
77
75
1101
21
1189
57
1077
1085
1112
21
1098
1093
1129
20
1164
1174
1191
90
1149
1163
1219
1162
24
1160
1201
1192
1107
1194
1165
1166
21
20
1151
1114
1175
1178
1203
1122
1211
90
151
1176
64
1170
105
1180
20
74
23
1095
26
1151
1141
32
1201
147
1146
1155
20
1175
110
1134
1226
74
1147
48
1176
44
23
52
72
41
135
1128
40
1172
56
1159
1113
51
1062
40
1103
104
41
32
1059
1108
1107
1142
1130
1175
44
1160
1157
1140
1118
1148
42
1142
1079
1096
1152
1092
1152
1137
1183
1088
27
50
24
20
1077
1072
1160
1137
1088
130
1272
1192
2107
125
1636
169
1228
94
260
73
1125
80
1100
29
70
1157
21
1234
1242
36
28
49
1174
1177
1193
1207
1178
67
23
1147
1132
23
1145
1183
1165
1086
25
21
1160
34
1106
1114
1191
1076
20
179
57
1223
1125
1196
1138
149
1077
1147
40
1093
24
50
48
45
1072
55
1086
1183
257
1217
1189
1187
1246
1199
1135
20
1108
1129
1160
1176
1297
1771
1134
91
40
26
81
1121
1074
1171
1263
1194
1223
95
75
1185
1175
1202
1088
30
1100
1275
1084
1148
1228
1232
1227
34
1121
1154
44
1144
1129
48
1171
49
1188
1089
1190
1157
1152
1099
1202
144
1114
1250
182
1186
1102
32
66
1201
114
44
1184
1108
1127
1182
1191
44
1187
1131
1170
1173
123
1129
1178
1083
1166
1136
41
105
1154
1172
1153
1223
1119
24
31
1090
1140
1116
1215
1151
1095
1088
1156
1160
1161
20
1193
1178
1131
1178
1117
27
55
1178
1226
85
89
1106
42
1338
1218
1151
1159
1176
128
1211
1067
43
1196
1173
1132
1076
1129
1111
1161
1147
1087
1157
1096
1170
1168
67
1120
129
1146
1206
141
42
1204
1127
198
1178
1119
1167
1125
73
1099
43
79
1271
2118
1202
79
1142
1112
21
57
34
22
1204
1189
1251
1163
1134
1146
1095
87
1202
24
40
1154
1099
1204
56
67
109
1232
1179
1209
1217
1166
1188
1199
57
23
47
1081
1136
1137
110
1130
39
81
1114
40
71
1093
80
76
1145
1151
1088
1115
1138
96
1170
1144
142
24
78
23
97
1222
1155
1130
175
1098
1187
1194
140
1124
1098
1152
1221
1151
1125
43
1171
1146
1151
1184
75
1156
186
1178
181
237
1245
34
28
1140
43
1192
1190
1136
1122
1156
1192
1091
1130
1100
66
84
1151
49
1243
1211
50
90
1151
1283
44
1187
70
33
1125
1160
21
45
1154
1190
37
281
42
1105
1242
1207
1275
1309
157
1123
1229
1178
81
1150
222
136
1134
1164
41
1147
1166
1099
1109
1152
1105
32
1103
24
146
75
1195
23
1113
106
1118
178
1108
71
1167
1190
73
1132
24
1191
1161
1202
189
1238
62
180
40
1086
1071
1197
91
31
1060
35
1186
1162
36
24
1225
1253
1156
82
38
1107
1104
105
42
1151
1152
1160
1153
28
1172
43
73
43
1141
26
32
1074
1094
1197
1108
91
127
1158
1100
1112
26
1066
1178
71
1165
1174
1215
85
52
1193
43
1201
1144
1239
24
1156
1179
1170
1845
1189
1212
1226
43
139
43
1387
1333
1384
89
1194
1202
68
40
23
32
1278
1297
1121
1125
1089
115
1209
1175
28
1155
1131
136
179
24
84
1222
134
25
179
71
1221
1757
1347
28
54
1237
30
1330
1385
1367
1343
1165
109
1239
117
1239
1143
26
1141
1185
1138
42
1126
1206
1158
76
1083
1172
1219
1239
1156
52
1120
1181
1157
78
1135
1129
48
20
87
1270
106
179
1376
1168
1234
1185
1166
1144
1280
1174
1128
1193
124
1106
1170
1133
39
1176
173
1225
1126
1183
1205
1256
1358
1357
1138
1360
1400
1199
1175
1132
1277
85
35
1199
1191
1245
1260
1082
36
70
1137
33
103
21
1189
58
1282
1346
125
1167
1193
72
181
101
1267
1227
1122
1247
25
54
1164
250
1206
76
26
1207
1176
1197
1214
1167
28
33
42
1218
28
1146
1138
90
1146
1176
1120
52
40
45
1156
1269
1106
32
1150
33
1169
1188
1182
1261
40
1312
85
1145
1143
1287
26
1197
1322
1110
1231
128
21
1162
23
1167
35
1223
55
20
1172
82
1186
125
41
57
1149
1194
205
85
1209
1196
125
25
1265
110
1235
1207
21
1204
1182
74
1281
2155
1901
1471
69
143
1286
1311
1156
1521
1175
1256
28
1218
33
44
1160
45
1165
1132
1210
1144
1192
1115
44
44
45
1149
59
77
1213
1146
1266
1182
1093
1173
35
1146
1205
84
140
1236
228
1210
1168
1126
1200
75
1157
1093
1081
24
24
1128
1131
1302
1193
1249
1166
102
74
1252
1191
1158
1152
1165
49
1143
1172
44
1103
144
1105
239
1194
1129
39
1193
43
1115
1171
38
1193
24
1080
53
1187
54
1141
1799
60
36
27
28
1161
1259
26
1164
1239
1106
56
43
1243
1190
1152
1247
1253
1166
46
1123
1151
1140
1150
25
1223
84
1211
1183
24
43
391
1518
1307
1192
87
1075
1167
1216
1224
33
1141
1229
1168
39
82
1115
1210
1110
23
1099
1208
1148
1190
78
1148
1203
1185
24
1099
29
1101
1199
1085
30
23
1078
1185
247
1156
1096
1124
1150
32
40
105
1200
70
1149
230
1076
20
1145
1064
23
1067
1179
105
51
75
1182
29
1198
1130
1116
23
1202
1142
32
1107
129
1124
1133
1130
1144
1142
72
1216
84
1157
74
55
42
25
1135
1157
1163
40
1204
40
23
74
1064
1144
1100
1175
25
1214
1182
26
1101
1122
43
1216
72
1222
71
42
1149
1133
1152
1133
1158
1167
1067
41
1246
1234
1167
36
1119
45
1153
1194
128
33
1102
1234
1170
1182
68
1199
110
110
1149
1280
1245
1100
42
1110
1105
40
105
105
1180
1170
1168
1124
24
1089
1174
39
1148
2319
197
1205
1208
1123
1159
49
1165
151
35
1337
1396
43
1119
1176
37
143
1189
1183
27
1346
1308
1152
79
1155
76
81
100
1226
1172
20
1191
73
52
1241
70
1209
33
1177
1076
1080
1102
1187
95
1106
1183
131
1177
1210
43
24
58
1172
1237
24
1206
28
109
1246
1148
41
78
1143
1173
1229
1133
24
1101
1143
55
1203
1127
99
19
1106
98
1103
1195
1200
41
25
1208
1144
1002
1143
1140
1125
38
1165
1256
1210
1144
1083
72
1137
1204
1243
1124
1154
1114
1107
1080
86
20
1160
1122
1110
44
62
1241
1173
132
25
1201
21
1191
1163
1122
1142
1191
1256
1132
1161
47
1151
73
58
1205
44
1146
131
1117
1143
1150
1140
1242
1174
42
1106
20
1166
73
76
1149
35
1205
74
1157
1130
51
54
1216
40
1136
1228
1210
1119
1145
34
77
1108
23
1155
1184
1108
1147
1495
182
1349
1220
1223
1111
75
1109
24
34
110
1204
1137
126
1176
142
24
1185
32
45
1146
185
1212
1180
42
24
37
1153
114
24
48
1194
27
47
55
1130
1143
1133
1118
1125
1121
1277
89
52
1195
29
1200
75
1121
22
76
1136
32
1213
1107
73
1182
1176
1134
77
1142
1216
90
27
1182
1163
1243
1145
1102
1195
75
1176
40
55
1163
1120
70
42
1193
1186
33
42
1128
1161
1191
1147
192
229
23
1179
24
1109
1407
1402
71
142
1139
1125
86
1133
1196
1107
1160
1175
73
1130
259
22
73
123
1182
21
29
48
1132
1214
73
1084
1117
20
110
28
50
32
36
1135
74
1147
44
1096
1180
1146
27
1181
97
1128
55
1079
1139
58
36
1189
1235
62
1190
1197
24
43
1177
1111
1149
1105
56
1089
221
55
121
1121
39
1151
37
1088
21
1170
35
1120
23
1121
1131
1158
1218
47
1159
1162
1177
120
1131
176
1140
1090
36
35
1175
1161
1153
73
1159
1189
1176
1088
63
1124
1207
1210
1165
1186
47
1140
101
1118
21
1202
43
91
1148
20
24
1223
1157
69
1209
1216
72
1175
201
54
1105
25
1213
74
129
1118
1149
1257
1171
108
33
44
1200
1152
49
1240
1129
1148
133
43
1081
33
77
1158
1199
1169
1190
1136
153
1169
1123
1088
79
1933
1166
46
132
74
42
1176
1156
1179
1154
1141
83
134
1231
1242
1121
1268
1157
33
89
1099
251
1212
110
1129
1232
124
1198
148
1186
128
34
1169
1140
1093
1164
1258
1127
1149
24
111
1090
1109
57
50
24
124
1077
1176
123
1090
1155
1151
109
43
72
81
1186
1136
1201
1089
1175
19
1177
1145
1126
1110
1137
1161
73
44
77
1140
1105
1105
1193
1100
1093
1154
79
58
1133
1088
1172
1193
216
1166
1100
1156
114
27
1098
1196
1179
43
1170
33
250
1117
186
1201
1206
75
24
1100
70
20
1166
53
23
55
1159
197
134
1986
39
27
1136
1195
1130
1100
1212
1135
130
1299
1183
132
23
78
1116
1075
1159
238
85
1152
41
27
67
1159
74
1190
1175
1175
1130
183
90
1177
87
1117
60
1198
139
1135
1210
116
77
1186
1151
1169
1080
33
1183
1121
36
1088
1152
42
33
1142
1222
43
1172
1130
1205
1129
81
24
1138
1139
1143
1158
1112
34
1170
71
76
24
1193
1151
80
20
1163
1108
1195
1143
1105
74
104
1114
19
23
1110
31
23
1141
62
1127
1139
23
32
20
1157
109
28
1185
56
1180
24
1126
1103
1203
184
1138
1138
1178
1193
24
1192
25
1132
176
1128
1163
1104
1225
84
1135
2058
29
1210
1167
56
1188
1139
24
47
109
1153
1179
1328
35
1270
1149
75
1229
1181
119
85
1149
1113
58
21
24
1179
1141
49
89
64
46
1282
1237
1189
1124
27
26
1186
28
1097
90
58
76
1143
1152
20
28
1135
27
1099
1107
1224
108
34
1183
132
1155
1225
1173
1208
1213
109
24
1089
1153
1091
1157
1158
109
1102
36
53
1319
53
123
1216
110
1147
1161
1097
1142
1215
1127
1254
1152
1160
1220
1252
62
89
1323
1284
1168
1393
1379
1223
21
1158
1604
96
1906
1850
69
45
1669
1806
54
1425
110
87
1108
1205
1226
1207
58
24
1109
1093
24
73
1269
67
2076
194
1529
43
113
61
38
44
1377
26
1482
39
50
1418
113
1607
1456
1262
1210
1145
1184
184
1316
131
1164
1219
124
104
1225
87
1160
1341
1340
1393
206
76
1418
1218
1135
21
20
1180
1099
1270
1215
1124
1107
288
52
1093
1136
34
1358
1549
117
1671
109
1478
1209
1268
1144
110
1108
1190
1130
78
230
1158
1143
1118
95
1093
112
1187
46
22
1141
45
20
1353
47
42
34
24
1183
110
1138
1111
1184
1120
1229
1600
1305
1340
94
39
25
1124
1976
61
33
1298
36
1326
38
1232
1142
76
1107
116
36
1114
1115
1197
1117
54
1242
1293
1191
89
1237
1211
1155
45
26
70
1143
1238
1144
1205
1086
1292
182
1110
49
42
74
1290
1160
1243
1229
98
1252
1179
1229
21
1129
72
1068
38
1162
19
55
1095
52
132
1238
1196
28
1154
1136
1124
57
141
1136
1248
22
86
36
35
1149
25
1209
1154
52
1189
32
24
51
1210
1117
1238
70
1209
1197
1273
1229
71
1214
1083
1207
1133
20
1196
89
1169
1132
1176
1131
1198
1179
24
1153
1175
1123
101
77
24
121
1166
1226
46
1120
1392
1269
1178
44
79
1092
1304
258
1535
1135
1181
44
1236
1127
1142
1094
1218
36
1167
47
62
1083
1149
1098
34
145
1294
1340
44
1296
73
1401
1564
1402
140
40
1364
1280
1603
1240
1169
90
1224
203
46
1045
1218
1176
1199
1187
1086
1187
1163
1110
1172
1089
1127
1145
1236
1230
1172
101
49
1133
25
42
1169
38
1120
1129
32
1178
1130
1146
99
49
1221
1165
1142
1097
76
58
1133
79
1073
1144
1078
56
19
1142
1059
1154
1163
1109
56
1150
1191
1168
122
40
1126
132
1120
125
1111
1125
52
1249
29
21
1187
1206
43
105
1838
96
27
1815
47
1308
1241
1140
22
56
292
1154
1265
1289
1456
1419
1244
1205
144
1152
1143
107
88
1247
261
1099
92
409
51
1112
1155
1111
1135
1198
26
1134
1146
1159
1160
1166
257
1146
24
99
49
175
24
159
1167
40
111
1156
1194
1169
1126
1146
71
1173
34
1117
82
41
132
1209
1162
108
1162
1104
1147
20
1099
1185
1139
53
33
1167
1141
1135
38
1096
1111
35
1164
1106
1176
72
72
1142
68
1104
1154
24
1132
1174
295
83
1136
1232
114
1120
1140
1249
1237
1180
188
42
1115
1142
20
1182
1256
1181
78
37
1122
24
1134
152
45
1171
19
1246
1205
1147
150
89
20
1147
1189
95
1145
48
1123
121
126
1157
71
1240
21
1213
1194
1195
1192
1236
1140
1219
1233
1108
20
71
42
64
44
1148
1186
113
65
1168
1147
105
86
1204
1138
135
1194
1232
1127
114
45
89
236
1236
1121
1082
1205
1124
1068
86
229
1141
1143
181
1150
1143
28
1161
1107
1065
121
1086
31
1113
1215
25
1192
1164
1132
1191
1114
1166
1990
70
1146
29
1194
1159
1145
49
66
1176
1208
73
1266
23
1286
1300
1571
1141
1325
37
20
1166
35
1173
1137
21
1164
1133
1145
1141
57
1136
31
41
1164
1134
1179
1188
181
1183
1095
1166
110
1156
1163
1145
1164
87
24
1126
1254
41
32
76
1173
69
1224
1140
23
1191
1227
202
58
1198
1175
1222
1108
82
92
249
1124
1127
26
73
1172
1918
1525
137
1119
1141
132
101
1218
1179
1236
180
1176
1132
68
1191
64
1211
30
1165
1194
1164
1163
1282
1359
1181
1199
46
20
1236
33
25
1265
27
1302
1325
1214
1116
27
1130
1234
1145
50
84
1185
1177
1209
1181
34
1133
1152
1144
1164
42
1063
1330
2001
179
1537
1419
1345
26
25
25
1203
1373
1105
40
31
1151
1172
1295
1149
1243
1236
1129
1125
78
47
1284
35
1163
1161
1109
1134
1159
1252
1343
1141
1185
1223
1282
1275
1209
36
1247
58
1212
1322
1761
1552
58
1240
1195
1176
1296
1340
78
75
1228
86
1244
1255
1238
1274
1139
1228
1129
1630
95
24
1526
53
82
1227
1248
1249
1272
25
24
235
1490
46
131
194
88
88
62
1248
1262
1157
1140
1272
1147
1146
183
1258
42
239
97
1152
1150
1119
34
1139
1170
1115
1159
1214
1138
132
1125
1292
1230
1176
1109
1401
43
1184
78
92
1091
1167
34
1196
1223
32
75
1199
1222
54
1211
1167
1243
1176
1256
1108
1090
1113
1173
1226
91
1211
1203
1119
56
1092
215
1219
1324
1140
1197
63
1159
1129
51
1240
1232
75
21
44
1110
23
1201
1311
72
1236
1095
1058
115
98
1218
1219
27
1283
1122
54
1149
1171
1201
1133
180
1165
109
1146
23
1124
1091
75
1179
1126
1203
1148
1145
1126
1165
1111
1182
1198
66
1132
73
141
1168
1139
81
1106
80
140
1179
1225
1181
1178
32
32
1164
1144
49
74
141
1207
1183
43
24
26
1123
1164
1154
29
155
1133
75
24
1106
1113
1205
1157
1231
1201
129
1212
1248
97
1137
20
1181
1126
202
1271
1239
1192
51
186
1209
34
1145
1108
1129
38
25
33
27
50
1121
1134
1186
41
1147
1320
1187
1164
1223
1154
231
1081
62
41
1077
23
33
1189
101
1145
176
21
1170
45
281
42
1221
58
1233
82
1217
34
1320
1197
1137
21
1169
98
88
364
1149
1129
73
1156
25
1259
47
40
1194
1127
1194
1176
1101
1175
28
1147
117
48
1102
1100
1197
1146
1138
23
1116
1194
142
1201
1140
20
1095
1142
1200
77
1122
32
1177
82
1238
1123
1144
108
1142
1188
1271
125
43
1182
1213
1166
1157
1096
107
40
40
1175
1152
1122
25
20
1202
1125
1215
46
29
131
1205
66
1161
21
1232
1153
38
1164
1181
1201
1214
30
1250
35
1156
51
1151
1114
1185
70
26
1164
1218
81
24
1216
255
73
24
1226
1195
1193
1121
1135
1244
1179
1221
1224
72
1291
41
1191
36
1170
1113
1154
1199
51
1157
1174
93
23
1147
82
1118
81
1159
1170
1150
1169
1210
114
1156
1170
1137
1209
59
1209
101
1160
73
1171
1175
38
1100
1226
1091
44
187
137
45
1168
43
1114
36
1162
1089
98
1208
1162
221
1166
59
1185
1133
1093
1181
1205
24
1138
1137
1108
1141
45
183
43
50
1227
26
57
132
1162
1211
1164
1195
1206
90
1561
26
1225
1108
1268
82
28
1224
1260
21
57
1239
20
1058
1161
1164
1207
27
1191
26
191
24
103
80
34
1130
1092
1203
124
1099
40
1194
1172
1130
77
1221
1149
1107
1196
20
1123
1190
1156
1188
181
1109
1189
1108
1252
185
66
1228
98
1105
32
53
1167
1282
1160
2130
1280
33
1203
40
78
1188
1192
1143
1199
1277
1171
1178
1211
34
1165
28
1114
1099
1188
1194
1140
1200
68
1215
21
1123
1194
1272
1137
1179
1153
1199
39
1145
41
1230
1224
77
1198
23
125
1194
1064
1170
1189
25
25
1191
183
21
34
123
1127
1234
1191
1121
1358
83
97
1476
1109
142
47
110
1147
1218
60
1167
1149
1120
1121
1159
1164
1164
1231
1171
1208
1208
1105
112
1166
1197
80
1167
76
1205
24
1206
1154
231
1172
1694
1589
1140
1180
1171
1131
32
1164
1177
1228
70
1162
1090
1149
146
1171
49
1208
35
1105
1204
1195
186
1144
1136
59
1169
73
65
1083
237
1180
73
74
1167
84
1125
52
1165
1202
37
45
46
236
1178
1171
156
1326
1157
1253
1136
54
2272
122
1685
185
1257
27
37
91
1222
32
1233
39
1226
1510
1714
1388
1172
22
31
1217
1154
159
1150
1182
1166
27
1147
28
1304
53
129
1167
1216
58
1201
1264
32
1131
1097
32
1216
60
69
41
1080
31
1148
1184
1123
1253
1122
45
79
1224
21
26
1218
20
28
1189
1205
1107
37
1198
1223
1248
1216
1367
1170
43
1645
1338
203
1358
81
1144
1131
1166
72
1179
1186
1129
80
1212
46
1176
43
1096
1247
90
1215
1192
1236
1093
1160
1148
1168
1264
51
1237
44
1133
1128
1145
1137
1296
1331
1326
79
160
1139
1345
1278
2071
1349
1492
54
1243
1196
1174
116
1142
1313
25
71
1298
1235
1261
47
1165
1178
1208
1277
1299
49
134
1400
1144
1185
1197
1159
1138
1161
1148
1104
1152
38
37
1117
46
1226
22
42
1165
288
1224
1161
1157
1199
52
1118
1219
1167
73
55
129
1085
181
101
1103
1198
76
1200
1135
1227
28
1201
1180
85
25
1168
1143
132
26
125
1178
41
1164
1174
1174
1294
43
1182
111
1858
129
1874
2112
1273
1291
47
1245
31
1136
1147
56
124
46
1573
1496
1221
1142
1164
1228
182
1275
24
106
1159
158
1114
78
226
45
1145
114
41
133
1218
44
1076
1216
1194
88
1133
55
1159
1240
1355
231
22
1213
1113
46
1201
28
1150
102
1194
1169
1282
100
1112
57
1112
1206
1111
1124
1175
1180
80
185
1122
31
1169
1156
40
1099
1133
75
1142
1155
56
1093
50
1083
24
1156
2039
78
31
1163
93
1251
65
150
1205
21
44
1124
1183
1319
1154
1207
1165
1154
125
72
1100
51
1270
78
33
1095
1082
1142
1158
1198
1156
107
1223
94
59
1323
1143
25
1681
47
1327
47
1323
108
1300
1415
86
1304
1127
1339
54
79
86
1185
81
104
1237
1100
26
40
1231
1143
1138
153
1207
1253
1151
129
1248
1079
1145
1111
1169
1189
142
1106
1148
1161
1172
1099
1310
128
1117
28
42
1138
1147
1365
1276
1239
78
1144
1103
1068
1199
1149
1126
1098
1118
1188
1107
1369
73
223
1168
38
24
25
21
130
1179
1199
21
1157
1087
1196
1141
46
1205
1185
1200
1125
1226
1167
1192
1201
1332
1207
1925
2174
1611
703
1174
1300
75
44
42
51
1197
1100
1182
1229
1159
1163
1175
1122
53
83
1129
1263
45
1150
1170
20
176
36
1115
1099
79
1137
1126
1138
1208
1620
1414
1414
187
1170
82
1154
1208
126
1235
1082
87
1181
1208
25
58
2515
86
77
54
1857
1636
1372
1852
1712
59
1237
1621
59
45
1287
1187
82
1270
1329
1171
1141
45
1344
1186
134
1191
1549
1436
1261
1117
1100
1194
32
1203
36
36
1102
1091
1140
1264
1679
83
1316
49
1304
43
1147
1146
1374
1466
1341
1368
44
1321
1164
1716
1856
1652
257
1300
109
172
73
73
103
170
115
146
1334
65
1246
81
1174
92
1259
1228
1123
1215
1139
140
281
1253
1264
1202
1100
1114
1133
25
1191
1086
79
51
1584
162
1146
34
20
1143
1210
1152
52
1131
76
42
23
118
41
1101
45
111
24
1123
1191
1133
1219
99
35
1131
1122
1190
52
1203
23
30
1152
20
1178
112
1165
1184
56
1093
32
23
1184
1173
1136
45
1203
1118
1071
1127
1169
1173
1108
1146
1058
123
1256
1184
1180
75
1114
57
48
1288
1130
1199
38
75
1207
1134
1139
101
40
28
44
19
1086
1195
1400
1339
1433
1191
1273
1214
78
1171
24
1340
46
1729
211
1542
1304
1211
118
51
1289
43
1100
1149
1557
210
139
73
1317
1428
1486
1553
208
1345
1224
1178
50
1229
1163
1189
52
1138
32
125
1156
262
1660
1443
1493
1166
1192
1221
1218
1283
1137
1339
1415
1354
45
75
1242
36
1251
1189
1190
1116
1094
1171
1186
1217
1271
1310
1259
1282
1233
76
43
1230
1190
1145
1181
1196
1136
132
48
1087
1266
21
89
39
89
1141
34
1208
1250
1178
1155
75
1152
1100
124
1194
1206
34
58
1116
1194
1077
1147
1084
138
1220
1168
60
86
1111
1229
1249
1422
1352
1161
79
82
1138
1087
1207
89
1274
26
189
1335
26
1181
1289
1105
34
1110
1318
1224
153
1275
1118
1186
1096
1153
1216
82
33
33
1159
1174
1211
1104
1185
50
1105
23
1115
1159
1209
74
1236
1128
1125
1171
81
1211
1160
109
132
1134
1158
1134
44
1118
1202
1222
68
1129
1216
107
1129
82
1108
87
82
1140
1213
1178
20
1084
1162
1100
98
111
1124
42
81
26
1126
1085
120
1185
1220
1134
1130
24
67
1155
1171
1123
1211
1168
1091
44
1112
23
39
21
1189
1108
60
47
1209
1119
1210
1134
89
63
1171
1300
1197
76
1196
1404
1686
83
1197
45
1215
53
1103
1133
1200
34
1303
1094
1181
1135
1121
132
1097
1135
1140
24
26
1202
1180
1196
85
1204
141
52
136
28
1160
1145
1168
1200
1140
23
1177
27
1194
1176
1224
28
1255
22
1128
59
1105
1129
1194
1137
50
1153
1125
58
1173
1124
1114
1270
1331
88
19
1202
42
41
1230
1235
1470
1173
1152
1177
1203
1125
133
127
123
139
1136
1870
44
1289
1209
1159
1204
1128
1301
1145
1102
39
58
27
179
87
48
102
38
130
1226
1261
46
34
1219
1164
49
1170
32
1108
1123
51
1208
1224
1133
44
43
1206
1183
66
1084
56
1150
1184
1156
32
1090
1306
1228
34
1098
72
26
1133
1226
26
33
1157
1194
42
1190
31
1208
1101
1163
1233
1174
33
1282
1116
1116
140
74
128
1214
1136
1225
54
1196
73
1163
1150
1261
35
74
1212
1284
1786
2206
1232
70
1211
133
1151
1370
1331
1222
126
77
23
1411
1491
64
189
42
111
39
49
1174
1078
1169
1222
90
1172
1220
1279
1346
1221
1186
1101
1149
1145
1097
122
43
91
25
1199
28
1173
109
1388
1211
1129
1141
1222
1264
77
1144
1240
116
41
89
1194
1221
1139
1308
50
59
1183
1253
1316
1382
1283
1219
1161
1118
1184
25
1111
1203
32
1203
1148
41
70
1236
27
1222
67
1228
90
1309
142
62
75
44
1174
1214
156
37
1431
1139
1171
1127
1189
1235
124
1132
1166
237
1237
74
1214
83
50
167
1202
24
1198
1181
33
1195
1156
1084
98
46
21
1075
1089
24
1205
1137
23
1170
1223
1066
1073
1233
1075
207
71
1227
53
1177
1267
89
78
1196
1087
31
1092
1106
1469
1595
1142
42
1123
1111
1154
1127
20
19
48
1104
1175
78
30
176
1230
1221
1217
23
1155
58
1144
1230
22
1174
36
1184
1209
47
89
1086
1115
1224
1209
1174
1168
1212
1179
1310
23
63
1244
1151
235
1163
31
75
1810
1381
1123
1331
104
114
42
1225
1206
1394
1150
1232
1273
80
59
1323
38
1298
54
1655
24
1180
62
1169
307
44
124
1098
59
1182
1252
182
25
1127
1181
43
25
1170
1148
1222
1219
1122
34
1321
1189
1145
1202
1163
32
1117
1232
1152
22
1182
40
21
1107
1146
57
1218
1250
1198
1220
1302
63
1183
33
1197
1173
1095
32
1148
1190
1096
42
1232
1194
24
86
25
1181
51
1175
1205
1175
1230
1197
44
1201
192
1278
109
189
1299
51
1224
35
1215
38
19
1209
1170
1172
1242
63
51
1126
32
36
1218
52
1234
44
1159
38
106
41
40
34
1165
1219
1160
1130
1247
28
25
54
1185
35
1081
1199
1163
1189
1162
1132
1154
76
1227
25
1151
1354
1282
26
44
1152
34
52
1120
1161
21
27
1198
20
1116
1129
1130
20
1224
26
1134
1096
1246
1199
1185
1196
1104
1153
1099
1174
114
136
28
58
21
1161
1161
123
1090
1188
1139
1156
1229
28
1155
1223
58
1130
110
27
1105
1139
33
1131
1094
1169
1208
1144
1170
41
1172
1138
1184
1151
1137
137
1086
32
179
81
1153
98
45
32
128
1226
20
1200
1098
1220
73
53
186
54
1209
1169
1223
1108
1165
1149
1260
252
1167
1148
1118
33
60
1135
1107
22
25
1182
1173
1181
1206
1202
1167
1133
1150
28
1129
1170
1242
1245
1237
1242
1194
1152
1493
1248
1259
111
60
1164
1166
51
1442
1202
24
1244
25
1207
1255
120
1177
1195
1265
1311
75
1199
93
1230
48
1120
1195
1209
1178
1169
1221
1134
1116
1130
1134
1342
1335
1195
1148
73
1165
81
46
1210
77
24
1160
61
53
1510
1225
1420
55
1299
23
240
1380
1244
114
1365
33
1259
1291
1328
1446
58
25
1189
1173
24
1137
1095
194
1164
1139
67
40
1066
1149
1366
78
1334
80
25
1214
90
91
1399
1307
1260
45
1101
28
1177
57
76
1380
1154
1112
1257
1316
1223
1131
1249
1209
1250
1268
1461
1267
29
1501
122
1360
1116
21
1318
1378
1389
1375
1347
1366
1302
194
1332
1231
1211
1320
1444
131
235
1175
80
1211
201
1187
1149
26
1123
1081
358
35
1120
47
76
1156
1120
111
109
24
44
1291
72
1284
1046
65
1136
1258
35
42
199
43
2061
1461
1229
47
1275
33
52
34
1162
1232
1188
1346
1178
1159
1227
1208
1136
81
259
1126
1114
22
1210
42
1177
54
1195
50
39
38
75
27
1182
73
1154
1087
1130
26
1134
1131
1106
1201
149
1097
1147
23
1061
85
1138
1101
91
53
1166
1133
1121
1081
1189
52
109
1159
1137
1123
1095
41
32
1142
1145
1117
39
1101
1070
34
1158
1174
1216
41
27
183
75
86
1225
1332
1145
1148
1112
1125
1115
49
1209
1183
74
1766
1222
78
60
46
66
46
1149
89
119
1195
29
74
1102
100
1156
81
1341
189
50
52
36
1205
1579
75
59
1128
46
1183
1115
1107
1150
1196
1180
1139
1090
1096
215
74
1144
1145
1067
1198
37
59
1122
142
148
33
1251
1129
1127
1119
1099
1135
1171
20
1215
123
124
1139
26
1208
1188
1154
1184
1192
1176
1149
1155
1195
1145
74
34
1137
78
1143
83
1135
1128
1186
142
1150
1092
1205
1247
1129
1133
53
1092
1086
26
251
257
118
32
1241
1199
1167
136
1177
99
1142
1141
1136
1141
1201
1286
65
1172
88
70
1183
26
102
1261
27
65
132
1202
119
75
35
1174
1124
1138
27
1112
81
28
24
1223
1192
1189
1175
1175
63
1183
1195
25
43
1174
73
24
1362
1850
1700
1212
1186
1255
1100
1472
91
111
20
26
454
1079
36
1188
1260
2130
156
318
164
1692
63
90
35
46
1213
1390
112
2233
1550
1131
1189
56
27
79
1227
1170
186
1174
1156
59
1164
1171
1098
1193
112
202
1111
1119
53
201
110
123
74
1231
1110
24
57
1126
1105
1159
1247
1116
60
1111
27
43
1176
1271
45
1136
73
1167
2234
75
1436
287
43
1253
34
1089
88
1092
1184
1936
1554
1260
83
1232
1239
1185
1206
1157
26
30
41
125
1155
1229
1216
1244
1142
24
1192
61
1264
1170
41
1265
1219
1160
31
1085
515
25
1163
1101
1171
1306
412
120
1243
135
39
1189
1163
25
1160
1185
1185
1202
1093
32
109
1200
1196
1336
1194
33
24
91
1175
45
73
79
1294
1260
1147
1246
25
1106
28
1151
1130
1236
22
1209
48
125
1232
24
34
1161
74
74
1180
1232
1145
26
106
1183
1228
1224
1102
1135
1293
42
1245
1306
71
1247
1196
1162
43
1296
1218
76
58
1170
1184
1266
1205
1145
1166
1212
1154
1075
1120
1200
1235
90
43
1114
24
1192
79
1181
171
134
128
1230
25
297
1186
1133
1112
41
1219
139
1117
1219
1156
1212
1175
1076
24
1161
1236
50
106
1200
200
87
185
1225
1191
41
1115
1213
21
1170
20
1201
1218
1172
1161
1251
1232
1149
181
1178
1165
74
1097
176
1110
25
1090
1143
1072
20
1104
1129
1151
1251
1189
31
122
72
1188
1093
1170
1153
1211
1234
1175
1198
1254
1154
1142
1109
1132
1234
1183
1172
41
79
182
1199
1078
1104
85
235
47
1469
44
1175
1165
1140
75
1180
86
1195
75
1334
1141
1069
32
50
1085
38
20
39
1104
1163
29
25
1177
1152
1178
1120
82
82
1124
51
123
1158
1119
1208
97
43
21
43
73
1175
1188
1185
1181
1134
1178
84
24
44
31
1140
39
24
1108
20
1135
1149
1094
71
206
24
75
1158
44
1187
1183
1202
1157
214
1082
1129
52
1202
1212
1091
1062
72
1112
27
34
1108
1087
35
1115
1237
1217
124
33
1157
1129
1085
1183
1136
47
1165
1202
1200
221
1194
1110
1224
1174
53
1177
1170
1176
45
1147
24
67
1151
1159
1110
1164
1147
1132
1102
24
1120
1114
1247
1175
42
1139
24
129
1228
23
57
1162
69
1189
1167
1144
1130
1213
1172
26
1218
1235
1133
1240
1189
1234
230
23
1131
1200
1148
50
24
55
1146
1156
60
1128
1158
1151
237
1193
78
180
249
1087
1143
1114
1138
1164
1183
71
362
41
1185
72
81
1735
148
60
1212
37
1207
1232
189
34
1221
1198
1144
46
1221
26
1234
1148
1152
1104
68
1267
24
1164
127
1170
1247
1165
1228
1192
24
50
1133
1185
1208
1272
1156
106
212
1112
1180
27
24
43
1246
90
38
1207
1140
36
127
78
1106
1195
1090
53
24
72
1166
76
1098
32
106
25
1139
1101
1183
1216
1106
24
40
34
87
41
1131
27
26
1163
35
75
1186
1251
26
1123
1165
1106
1175
1199
1230
1288
1114
42
19
177
48
1149
1148
46
1165
1218
1153
28
109
1150
1141
1259
1239
24
1119
1124
1115
74
1125
1080
175
28
87
1180
22
1211
1097
1148
35
1146
1211
54
1163
1134
1126
45
1175
1180
90
1219
1071
73
1162
1096
1169
1086
1250
1239
24
1155
1246
1223
26
1221
37
141
1148
136
1199
22
1121
1104
1143
86
23
23
1103
1067
1171
1098
58
123
1256
1209
1165
1242
1146
28
76
24
1220
1166
41
26
27
1193
123
1174
141
1189
49
1167
1194
1145
185
75
25
1144
57
1189
1188
222
1076
27
38
1152
1063
1192
78
1115
1236
1234
1231
1155
1181
1148
80
24
65
1188
19
1225
73
1172
1088
1120
1105
1118
1099
1134
1165
24
1140
1204
1229
1139
44
1173
1155
1751
50
1199
27
1102
1093
24
1177
48
1114
1199
1170
1217
34
80
1155
1160
1171
217
1165
1134
1100
1115
1102
1134
31
51
1121
22
42
23
1070
1122
1198
368
1110
91
1162
1214
1201
75
1143
45
1151
66
137
74
1150
35
44
48
79
1175
41
46
1126
81
25
44
1092
1254
52
25
1177
1183
1323
1109
1090
43
34
74
1167
89
1213
1227
1155
1243
24
1180
1190
1164
36
1173
29
27
1213
89
1211
105
1126
1199
1175
97
24
1199
32
1237
1161
1161
1228
1142
42
125
1118
1134
1184
52
24
1195
1143
1124
1089
24
1142
28
39
1103
1093
40
65
1099
1217
1190
49
21
109
1225
1161
1109
1209
1197
1100
42
1139
1151
72
106
31
43
20
1130
1131
1157
1162
40
1082
1127
1187
110
77
1176
1225
1188
121
36
1151
41
1099
1134
1072
1176
1128
139
73
1127
109
1142
25
110
63
1144
33
1091
1140
1108
70
1181
52
1167
1111
51
46
88
1203
1517
1947
1179
27
45
1139
111
1794
33
113
1757
38
134
128
1222
1166
1205
1169
68
1108
1170
25
1120
1098
1193
1063
1103
67
1213
1102
1154
45
1212
1189
1183
81
75
41
1146
1137
1134
1227
1195
1136
26
1110
1144
1153
1154
1095
1068
1241
1260
1182
1229
1201
111
1164
108
1149
1205
41
1191
1155
1163
1154
75
76
1125
1145
108
1098
1147
1200
37
104
1163
1237
27
108
1203
1184
75
1255
128
36
185
1267
74
1180
24
24
109
1121
84
1192
1224
176
1216
1165
109
1133
1147
24
1178
1240
1138
1218
1218
38
1100
1142
1124
1213
196
22
1138
1078
1168
1109
32
32
90
120
2192
1329
44
1243
133
115
27
1210
1209
1207
42
1198
130
78
74
1174
1245
256
1143
1146
1256
1208
1176
47
1187
1143
1241
1149
1133
73
41
72
1219
1139
1265
1230
19
1185
1145
1150
1133
1114
125
79
1159
24
1094
32
50
65
22
52
1211
1184
1100
1165
1295
1219
1117
23
1103
20
1155
1238
1182
1186
1196
1100
1220
69
46
1204
1131
52
1151
129
1192
115
105
58
1111
1148
1187
1108
1124
28
1141
27
1093
1166
1107
1162
111
1169
1083
86
1172
1160
85
1178
1166
1213
1188
50
1194
1184
58
1127
1155
1255
87
1144
1176
1217
1217
1206
1225
1236
1181
1154
1178
47
29
1176
1176
1129
39
1166
1159
1151
1210
69
1242
90
82
1171
1203
138
36
1168
24
44
1211
1205
1253
33
1194
1206
54
1152
121
1180
33
56
1117
1127
1162
1098
48
1072
39
33
1151
190
73
1091
46
1120
27
21
132
27
1162
43
37
1200
1175
1126
34
75
1116
1236
1169
1161
1216
32
1217
1235
1782
47
45
192
1134
81
1282
1128
1134
77
39
1151
24
36
52
1211
107
1091
38
1192
23
46
107
1166
1126
1164
1163
1126
1164
1137
1210
1129
52
1135
1149
33
122
1208
50
1163
1171
1146
1124
1235
1144
102
1180
38
22
1190
202
1140
1138
1167
89
1146
1119
39
1080
82
1104
1212
1243
1165
24
46
1266
1098
1128
1161
1184
1138
1077
1101
67
1220
51
1203
256
77
43
60
219
1176
74
1235
1122
1152
1161
131
1103
40
1305
1156
23
63
67
1184
72
34
1208
1173
1133
1182
1152
1193
1175
1101
42
1179
1146
1190
68
38
185
1111
1195
1213
106
1123
81
1112
80
120
1146
28
1150
51
1116
1085
114
30
1221
1098
1162
234
1213
1126
1133
1109
1168
21
1182
1111
1100
1119
1143
1211
23
1103
1164
121
1131
26
1165
25
1134
1215
48
1156
132
1153
20
88
1214
1260
44
1189
1167
1131
1208
23
1106
66
1110
124
1179
1178
28
1096
1239
1220
1256
1131
1108
33
1154
1178
154
42
1232
1224
1145
1102
1080
29
1204
1198
1224
1097
137
1205
1194
25
19
1235
1227
60
1275
55
284
1157
1192
1122
57
42
1159
128
1176
44
75
48
1193
1225
100
1186
1983
66
1199
1241
1160
1217
1201
1192
1364
1287
1160
115
221
77
1167
1247
1145
1075
1232
1203
1156
1158
1166
1164
1100
1191
1163
1134
72
1224
1119
90
1132
68
1101
59
1147
24
1213
1223
1106
1167
20
77
89
1200
51
1116
1126
1169
1102
128
136
1120
1213
146
42
73
1179
1101
1100
1173
23
1091
1107
1124
26
1164
1178
1126
1166
35
1147
1169
59
250
43
1109
1213
1171
1216
1180
1187
20
104
1212
1206
1165
45
44
1211
45
90
49
1953
2074
2179
43
1440
27
1387
1372
1201
125
1369
2010
39
1807
108
91
1138
1259
1153
1210
51
80
1208
1150
1181
1174
33
28
1191
1327
1183
72
1090
33
1210
25
1204
44
1228
1266
93
1145
47
1179
1115
52
1150
44
1223
139
24
1190
1145
1309
1186
140
1336
47
1176
28
1257
1224
1102
19
1197
1474
1427
22
1311
1133
27
66
42
33
1273
86
1288
1474
1105
1200
1219
42
1207
26
1377
1229
23
1149
1279
1541
82
1236
1165
1492
27
50
1143
45
1299
1390
32
1284
60
1178
1326
1451
1337
1184
1262
1152
1293
1229
1177
1217
1130
126
20
1112
137
1175
1129
42
53
1229
71
75
1108
1197
1214
1552
1184
1142
1195
1104
59
1301
113
1183
1237
144
74
24
1192
1123
1134
1121
1145
1165
75
1171
1153
1263
1375
1165
1383
1175
1255
1188
1456
1688
1423
58
43
43
1231
1262
1077
25
127
27
1294
86
1136
78
1090
1801
1648
25
29
42
1171
22
1081
1138
1172
1206
1169
1190
1319
59
1234
1317
1269
141
82
1155
1182
24
1725
1298
34
70
1217
1251
48
1257
1220
1204
35
1195
78
1245
47
1273
1309
1200
1380
71
1287
188
1141
1198
1116
1170
1176
1128
1127
1099
1122
1069
86
183
1203
99
1084
1182
44
1072
1147
1150
81
1080
1122
1153
24
87
1108
95
43
1162
1096
1231
1223
25
44
1220
1209
1184
21
1216
1233
1156
1113
1150
1203
1153
43
1142
1127
1219
1179
1149
1192
55
28
1117
1127
53
32
26
1147
1189
27
48
1127
1185
1110
1072
86
79
23
1180
1105
1211
1247
1259
1140
24
1163
1130
24
32
1153
1234
46
78
33
1348
1452
80
1195
27
1194
1208
73
27
1150
1195
1217
108
50
1160
1234
1137
194
128
357
46
96
1126
1171
72
1252
1189
106
1167
48
1151
1177
1178
52
1075
1128
1072
58
1209
1150
55
1219
1215
86
54
55
23
1182
1180
65
1231
1246
1109
68
1221
33
1119
86
97
1142
1198
1185
1151
1207
1137
1125
1177
1195
111
1109
73
1186
1263
1403
1467
28
92
74
126
1336
70
1832
1417
1146
1471
1314
23
63
1277
1253
1206
41
1162
1136
1140
1134
1375
76
26
102
1639
1221
43
58
24
20
101
1165
24
1204
79
71
1222
92
1227
1093
1274
1180
98
1106
1218
1344
180
1150
67
1363
72
22
52
1211
1392
1199
57
1136
1217
28
43
42
29
1230
29
1123
76
76
1146
26
1162
1159
1187
1161
1214
119
30
1206
1242
76
27
69
32
1138
1284
1221
1160
21
1164
29
57
257
1369
1230
1214
48
1221
24
1278
1218
1226
1189
90
135
1279
1227
1133
1097
1151
1290
1368
75
1224
1113
74
39
74
1325
1153
65
1116
74
50
91
1111
1095
1218
1238
53
40
1163
56
1062
1112
42
184
122
1110
1190
1161
1191
1175
52
1200
1123
1128
91
88
1109
1232
25
123
1371
1224
1165
1171
1131
48
1208
1461
1195
1214
1188
1243
1139
1202
30
100
1123
97
1160
24
69
1234
43
1203
1179
1138
69
1353
1187
1103
1105
1093
1165
1184
47
1243
1123
1170
1125
1162
115
1252
28
1217
1200
156
1207
1149
146
1222
51
79
1146
36
81
1134
1102
1211
25
1090
1157
1159
94
1215
1186
1176
1152
1149
225
23
1079
44
1251
1158
1143
1107
24
56
90
1153
43
24
180
1102
1095
1223
29
1157
1161
51
1201
1135
86
88
29
1184
1187
1200
1205
1355
1389
42
1320
32
1164
109
25
1174
36
105
1186
1137
1180
1101
1174
96
1122
1113
1202
90
1195
41
1173
1081
101
1086
58
1083
19
1145
72
1111
1206
23
1110
51
1191
1092
1396
1578
1213
1285
1310
94
1288
1118
1328
1389
1073
1483
20
1280
185
1292
1352
81
1132
35
33
1148
1440
1478
1204
38
1113
1248
1121
1188
1224
1708
1718
26
59
62
1369
76
1133
50
1136
61
1165
1108
44
1178
60
49
1179
1157
1237
1146
1186
1204
1199
1171
24
1124
1141
1145
25
1218
24
36
1173
24
1199
1200
1190
1218
1169
1153
230
1153
77
24
1185
1111
120
1098
101
1200
138
1364
1329
81
98
142
1250
1228
1273
1324
1164
1149
1096
26
1176
1239
1238
1236
1117
1183
1209
25
1255
1206
1422
1273
1283
1186
68
56
1094
150
1095
52
1176
1216
1155
1152
58
40
295
23
129
106
79
62
32
1185
93
1189
1196
1188
47
325
72
1187
23
1165
1206
1196
1156
30
1250
1283
1160
1099
1277
1166
127
19
1197
67
1223
24
1160
26
28
84
1161
46
1106
1208
20
107
1106
72
1252
1121
25
1131
1182
91
1216
1206
75
49
1266
1101
1189
1243
1209
1166
20
1224
1215
1862
1332
1210
25
1206
1174
1118
1205
1247
1099
32
1119
1193
1144
1342
1317
58
34
1315
80
1212
49
91
1164
27
1118
90
1244
1170
20
81
1613
1163
51
1155
1201
1256
1133
90
1130
1440
60
1490
1108
1187
1179
1175
1070
1209
1190
1193
1086
1207
1226
1193
45
186
1101
1114
1175
1167
1134
1141
24
152
1128
1131
27
87
1144
1133
116
1144
1154
1093
143
1174
102
127
1159
1140
69
1112
1096
1176
1141
1119
241
1093
1157
1100
195
52
1109
1172
1175
1180
1140
1134
73
1145
109
74
1218
1154
97
1176
23
1130
1064
41
234
1137
1087
49
1111
1204
1197
1211
41
33
93
1129
1135
184
1135
1197
1207
54
1203
1155
147
42
1209
24
128
1153
45
478
70
93
52
1140
31
86
1133
1207
1115
1097
1094
1087
1100
1192
1092
1193
1207
181
1201
1255
1158
27
1225
48
1191
109
1200
1171
72
20
171
1243
46
1093
1124
1157
1068
229
1162
154
57
21
1140
1163
155
189
44
37
1178
23
1109
1110
1230
1164
1109
1120
97
1157
67
1146
23
70
1102
1126
1261
1099
1165
1182
27
32
1190
1128
1088
1115
77
1019
34
1163
1120
86
1150
1193
44
42
143
1197
1083
1137
1120
1242
124
1215
1199
1107
1139
87
43
36
1130
86
250
71
71
1150
1075
32