0
1862
131
1716
57
1785
1716
31
1605
1704
1598
1613
1740
1634
1618
1668
57
1605
73
1748
74
1597
1643
1543
318
55
1594
84
116
66
1555
71
1577
1627
1602
67
112
1593
1472
55
1536
1505
168
25
1648
118
1729
1669
1515
1526
1512
1557
1613
1647
1517
497
98
52
1698
168
1548
1535
1601
1700
1636
1785
1537
242
52
109
1690
1658
164
55
1662
289
342
59
1637
246
1550
1596
1744
1546
62
1486
41
49
539
1729
1724
110
56
26
1632
1548
62
26
1782
1523
1807
1629
1613
1583
1759
1675
1782
25
1649
1594
1784
118
1714
1513
78
1459
1596
1734
59
1685
60
121
1602
1786
52
1738
77
34
195
119
1585
1516
1568
1485
33
1589
1537
1589
1692
105
1795
393
1584
1577
1719
2131
2624
1787
1948
130
1954
1737
1623
75
1684
403
54
2083
1591
1550
73
1647
195
83
1682
1595
1845
78
1661
1630
79
32
256
93
1666
123
113
1642
1665
65
1720
1759
52
1632
1472
1623
41
1649
57
1468
1626
1589
1603
60
29
1589
1693
30
1728
1605
109
1629
1651
1809
1741
2574
1610
1599
71
1883
76
68
1649
1765
1554
51
28
74
1536
1587
1629
1653
162
1679
103
1632
1558
1746
300
1645
26
56
1724
144
1687
1665
69
1740
1551
1593
1534
1686
97
1675
1610
1591
50
51
95
1506
107
1546
52
60
1677
1653
120
107
1742
1492
104
52
128
1650
99
1729
1727
118
1761
2144
1783
113
98
60
46
25
1638
99
1598
1570
97
2339
1810
1570
102
1663
1786
1569
53
1895
1552
107
1661
32
71
1657
62
1788
1729
1702
40
98
1803
1633
1635
1675
1726
296
1931
1679
1640
111
246
1895
53
1718
29
1633
1585
1738
154
134
1786
1721
1744
1780
1761
1777
202
1841
1627
1595
33
59
1745
1845
1739
1868
2025
1660
1522
70
115
1909
52
1708
1672
1672
46
1597
1481
1721
1714
166
1715
1848
1692
1529
305
1519
1814
1671
1577
1712
64
1725
1772
271
1765
1817
1575
1616
1592
2061
2208
116
1541
1860
1986
62
31
1579
1657
75
1732
2307
1751
1721
43
156
34
35
1748
77
147
1692
1562
94
54
1865
1714
1624
47
1824
77
1735
37
1740
94
1843
1829
1668
1857
1525
1598
1566
70
30
98
1619
1550
1612
1728
52
1733
35
46
181
83
1520
1671
1779
1741
1664
62
1838
1611
1540
1883
1946
2179
127
1625
83
30
2060
82
2442
139
1928
55
1729
1597
1740
1859
1702
1726
1697
1670
55
147
1747
83
1763
70
51
1700
389
32
1575
2038
75
244
1586
1609
85
1709
260
1662
109
53
91
108
112
1620
2169
340
88
1856
53
1771
84
1849
1641
1561
54
57
1995
1693
1889
111
25
1654
93
1615
52
1519
1499
1615
1729
27
71
1620
1680
1681
1759
126
1610
106
1664
41
26
1596
1605
188
1711
1626
402
1696
54
1682
1584
1662
1525
99
1587
1757
72
1830
1676
1616
1652
1624
26
110
1726
1602
1605
106
1500
1673
2822
2000
71
1614
1638
101
113
1974
2137
2077
1644
1805
1537
30
1734
39
1626
99
1619
1685
1732
108
1764
1609
1521
1562
95
1734
1576
1569
149
1583
1557
54
1763
1573
54
111
1693
1839
125
1525
1627
126
1562
1714
209
139
1665
1628
1749
1693
1843
1787
1784
1769
2028
1576
1681
85
128
30
1546
1899
1863
1769
1618
1635
1499
29
139
109
1612
1536
1762
1644
53
58
1723
1806
117
1724
69
43
1678
1542
25
126
1654
102
1703
1561
1689
1801
27
31
245
1618
1713
1781
1763
180
44
1551
57
1669
1822
1685
1447
1608
65
56
56
86
1698
1628
1676
143
1522
1469
51
1396
155
57
54
1637
1618
1724
108
1469
103
1722
1595
1642
1790
100
1643
1585
25
44
1468
1562
1653
165
60
1614
34
187
48
1786
55
186
1654
1775
1781
1804
60
67
1704
130
2133
2568
1713
1795
72
1821
1624
1730
1628
1818
1598
78
274
85
1554
1794
30
54
52
107
64
117
191
1741
54
1604
309
1846
1770
1843
1750
68
173
1744
44
115
1532
70
81
1690
1557
1647
160
31
1556
91
180
143
179
1629
1744
30
57
1690
1698
1605
1789
1814
98
1617
1539
1683
1705
39
1636
1660
143
164
1817
1598
1760
1519
1593
1574
144
1700
1626
108
25
1585
1577
314
1579
1802
1807
33
1620
1608
1679
1695
2332
1675
1472
55
1810
1691
97
77
1669
31
79
61
102
1589
51
423
130
1685
140
1881
1718
2272
35
1761
121
1773
1981
53
1586
1721
52
25
118
1589
246
1692
1660
118
1692
25
1723
31
179
1789
1799
100
78
1582
1631
42
1528
1704
1667
62
1627
69
26
1801
111
1531
42
47
1717
1556
31
39
1645
1606
49
1619
1726
1602
1775
1683
1811
1732
1606
79
69
274
1583
1741
2584
188
1839
1775
2137
1641
1667
117
115
98
31
59
1752
1769
1774
1856
1575
1601
1629
1750
1715
100
1691
28
1785
1830
96
81
1729
1736
1801
1696
1775
54
306
262
1535
1652
1783
1807
1808
1532
1623
1617
1866
1722
1747
1760
1686
1736
1715
31
1680
1822
1782
1583
43
1718
1880
32
64
52
1601
143
181
27
1915
2057
1813
91
79
48
1773
2016
31
52
1760
33
1618
48
45
55
1883
26
25
1746
1783
51
149
1540
1622
1837
116
260
1684
102
38
1586
264
67
1682
1777
1739
1778
98
1766
1665
296
1620
45
158
49
1653
1690
1475
35
1697
90
1851
1728
104
1669
1655
1567
1636
1713
1639
1679
45
1532
1693
1667
164
1724
63
57
1590
1470
1692
100
1592
1590
1631
1539
1642
1599
1728
53
1581
57
59
1664
1762
2238
1783
74
1487
1717
163
1695
1661
112
1944
1667
1796
1607
1493
1542
190
1617
313
1637
100
1493
54
1579
180
1534
1634
84
1564
1511
1670
1623
139
1641
44
31
238
43
1488
1718
1771
2135
1931
1973
1700
1666
1666
1630
1615
2486
124
2583
219
2778
1879
1869
1597
54
72
96
1808
1706
91
26
1763
46
168
178
2048
99
1478
1644
106
1636
24
1802
1701
1685
1930
173
1666
159
54
50
1702
1637
63
1608
34
1771
1714
58
127
1804
1693
130
1657
67
2679
322
548
2505
1870
1852
124
1601
1748
1706
1737
1740
35
42
1658
1669
1755
59
201
30
141
1587
33
242
1604
1595
1681
1961
1551
140
1584
1817
112
1886
1696
1720
1666
60
1734
1608
1564
1466
1714
1611
1978
2713
2544
1808
1669
1760
1682
1816
1638
1820
1464
53
285
1852
60
1696
107
44
59
116
95
1669
1944
2036
1972
1625
1705
1697
272
1645
134
56
1896
1553
2063
121
2220
1947
263
1851
33
1813
1833
1724
2169
2032
1906
1537
1919
1871
1629
1530
67
95
45
1581
1604
1729
1889
1775
95
1890
1534
330
1575
96
1750
51
25
1919
34
111
240
1731
96
1686
1962
1859
110
1929
158
55
1987
33
1723
3703
3470
107
1999
1849
40
1532
239
2526
3602
83
3483
2409
1848
65
1656
1715
1770
1624
144
146
1647
1697
1902
232
1603
74
129
2011
113
144
124
31
113
132
1637
1581
146
1711
64
1583
1641
1581
1638
1974
1851
2021
1684
1491
113
105
1554
1499
130
100
1685
1818
64
1745
38
1754
1762
1800
54
119
1605
1867
112
53
1576
53
1786
1810
2682
1802
1819
308
103
1774
76
1789
1631
56
62
1641
109
1639
74
1657
300
1467
1552
1625
1692
1686
1729
57
57
113
58
68
2240
38
1780
122
33
148
35
1902
1714
1912
152
107
1611
1592
56
31
1605
53
196
118
1524
1733
1741
316
142
1724
58
136
1915
1645
146
59
1739
1994
59
1808
30
57
1757
1738
1768
1820
1811
1798
1962
142
1640
32
51
1524
1748
119
161
1751
1672
95
1830
59
32
2021
100
1734
1578
175
1533
1569
1781
31
38
198
1659
155
1806
133
1642
1829
1708
1817
73
2028
1684
1616
92
1622
1554
128
72
1607
1727
30
1624
127
1619
1685
1844
58
54
134
98
34
1593
48
1656
1704
1526
39
67
1558
1528
1500
1491
2055
1561
83
1783
1725
73
1704
1685
1704
54
1782
71
1455
39
118
1809
106
1710
115
1702
1716
1761
66
174
1554
113
1663
106
1624
1757
1764
96
52
30
1559
96
1473
1760
2471
1952
1663
1605
55
1745
48
1750
1684
86
1632
1824
1635
57
1677
1593
1603
51
1605
57
1611
1487
1594
1621
45
1671
1539
1709
184
1707
55
1600
1664
1705
98
121
1694
1615
97
114
110
1722
1494
59
1621
35
194
1624
34
1784
245
2036
1792
35
44
76
2066
244
1872
117
1683
1686
1690
1612
67
106
1757
1567
69
66
1627
1659
1615
1534
1787
1788
1620
1600
1778
48
1934
156
1758
1828
2131
1616
1797
40
53
177
1529
1572
1696
32
50
1568
1555
1681
1604
1708
34
1665
34
1641
111
1662
1591
1604
46
1607
88
1589
33
1701
1639
1702
1614
62
74
1613
1664
1711
1674
1586
99
31
1740
32
54
1618
1657
1621
52
1472
1653
1767
1785
143
117
117
110
74
74
1712
65
1588
1573
1649
1542
1558
1585
1699
29
55
1627
1591
91
1739
1711
1819
186
2911
38
177
1759
64
73
107
58
242
1717
28
1780
1833
1619
66
118
35
1645
1674
1456
1600
1469
25
1562
1593
1494
67
162
120
143
1844
1730
161
1568
731
1593
198
1538
1586
1714
94
1451
1541
1702
1583
1727
1621
1733
35
1867
1665
1746
1680
132
1692
1747
31
1440
1674
1588
1573
313
1643
1619
1563
1468
98
1580
55
1628
1470
33
1479
1591
173
1601
1485
114
33
1499
1643
1595
33
29
1554
129
1487
1570
1769
1629
137
33
74
57
57
113
50
26
1657
1559
1570
96
1506
1645
68
60
1744
1915
145
26
87
1679
1782
1827
143
98
1844
1792
58
1732
1673
1725
1474
1845
116
1649
97
1598
1575
117
180
1737
1729
68
1758
1696
1658
1521
66
70
1502
1658
1479
1588
1587
1541
1542
86
1579
55
1518
29
63
1630
44
128
1553
1706
1581
1584
1546
95
1462
1588
58
1661
1703
1878
1753
29
114
106
95
1602
1489
1520
109
1586
25
1674
1582
1653
1573
86
33
57
1672
1545
1802
1846
1618
31
1719
1691
116
75
58
1653
35
1540
1466
1611
1517
43
1655
44
57
542
1675
1517
50
59
52
2329
1758
1773
69
1779
1695
1471
1653
1859
31
69
1651
51
1694
1746
109
1739
1662
1545
1792
1582
186
2762
1883
1615
65
1583
1600
54
100
114
2118
1929
1734
44
1504
1558
1650
1670
93
1606
104
1740
1507
36
50
30
1628
1554
1756
1675
1739
80
1577
113
52
66
1646
1759
1785
76
1567
29
1629
1581
311
57
1578
1602
1609
95
1607
1578
1630
55
1655
1638
47
1692
1633
31
1639
268
1640
81
1635
1627
1531
150
1537
1693
52
45
1719
1696
1626
1737
1565
1650
2228
142
1477
1688
132
32
67
1867
53
2130
169
1884
1781
1756
33
2143
1757
37
49
2899
1858
1698
1672
1767
78
85
68
2163
1690
46
1606
1692
57
1810
1852
1718
30
1827
32
1753
1808
46
30
1612
1576
112
29
1565
1605
1643
1574
64
109
1666
66
52
1592
1640
1763
70
1809
169
46
1703
87
1677
1611
1584
240
1819
1670
1602
1576
71
71
55
1777
1515
158
1653
96
163
31
29
1567
1523
1733
1576
115
174
1787
1690
1678
1671
54
70
53
1652
1669
1622
1683
1706
1666
27
1656
1661
1711
168
1769
120
58
1659
1555
1715
1653
1545
1626
1586
53
58
1588
1696
1633
1641
57
1663
1862
45
1748
1683
1619
1715
45
1536
2110
1633
175
67
32
105
1677
110
89
1712
1539
1809
1878
506
176
30
1670
1672
59
1723
61
1750
57
131
1829
1732
1853
1807
35
1732
106
69
1551
106
1622
1737
96
1599
84
52
52
95
51
1796
164
119
1589
1628
81
1638
102
70
1645
1731
2463
1833
1593
1617
1778
1705
1670
1701
1603
37
43
1485
1656
1686
1671
54
1754
59
1591
1813
1757
94
1650
1576
76
1558
1575
314
1620
110
1683
1757
100
1626
1544
1705
1574
1569
1585
1610
57
1690
1781
45
1858
1579
1476
1654
1664
1745
75
1521
1695
135
51
1818
1878
1776
1613
1795
93
1741
67
1630
1555
37
1791
293
1751
1668
1684
1574
129
1606
1693
1590
51
1703
1769
47
1710
1807
33
1761
1661
1683
1788
1546
161
1594
1642
32
1817
1937
56
1748
1648
113
1550
1646
65
1692
1800
101
1745
1783
1698
68
1615
1620
164
57
42
1654
1588
58
244
53
1714
1813
1668
1665
1696
31
1678
1762
1709
1666
61
72
129
79
145
70
90
1608
1531
1517
1588
1560
1746
61
1693
1776
1618
1792
2138
296
1803
1740
38
1512
1680
1971
2135
1772
48
1864
123
1675
1573
1575
167
53
1599
40
37
1453
1526
90
1532
167
1691
1518
1598
1647
145
271
1813
1702
310
44
58
1639
1692
1741
1744
1718
1823
1778
26
111
1648
65
142
68
1494
1499
85
140
1646
1709
54
1597
56
1653
98
1691
1856
1592
236
52
1659
1761
1764
1621
1677
1674
1779
52
35
99
167
1566
1690
339
1610
30
1691
1692
1631
1571
73
1791
119
1831
120
142
1810
113
1591
110
1663
69
35
1724
57
400
1683
1557
1657
1677
1736
137
1613
1501
1781
110
87
56
88
30
1678
34
1673
1649
25
1577
1497
68
117
25
1628
103
237
46
1682
1595
1669
1684
1507
1581
1562
1573
257
1519
494
1519
2244
1721
1674
1823
1660
1625
246
32
1635
169
45
1646
1817
1591
73
1803
1625
1620
1680
128
27
1718
1789
1744
31
1692
68
35
260
1500
1534
1491
1650
134
1604
1632
1718
55
1796
1583
1693
1557
1544
1578
1573
1672
98
1732
1742
1515
181
1605
1603
1518
1620
1596
1547
55
1685
52
55
1857
1681
1711
136
259
1782
1649
32
1738
58
1718
1913
1920
1840
42
58
1523
57
34
197
55
1714
132
1839
314
1617
62
1816
67
31
1696
1580
1704
1634
1796
42
1731
2156
1605
1850
31
1828
1742
1759
1706
249
1532
43
1541
1624
1819
1731
30
1595
1746
1704
1767
107
33
1618
1497
1687
1718
1774
1608
1672
72
55
1513
1544
55
1491
71
1595
1554
116
1622
1602
31
96
1906
178
1681
93
62
1714
1509
1735
1556
1665
1650
1684
1639
1600
1691
98
30
1827
1753
340
1795
45
1588
1663
1667
118
1750
1758
1555
1871
1636
1687
1596
173
1629
1717
1594
1594
111
75
53
1720
99
170
1689
1723
59
1777
1666
1697
1630
26
110
91
1756
142
1696
1575
54
1665
30
74
1610
35
1557
1591
69
41
67
1593
36
1619
161
1799
1645
1634
1690
1560
104
35
2284
1777
1705
1615
1656
1860
1567
53
99
1678
1502
29
1687
1712
1819
1765
1643
471
1741
25
172
45
57
1802
32
1643
1788
93
158
1665
1788
28
1764
55
1622
165
1641
1577
116
56
1597
1558
1836
1834
1695
1939
144
1719
1692
178
1748
114
141
1677
91
62
33
144
1857
52
1626
1645
1824
1653
138
40
1717
50
1686
1874
46
1747
92
1807
1917
168
1612
1671
1662
1655
1706
59
1883
1727
1655
110
1695
26
1588
1879
1698
159
1876
1765
1784
27
1762
1716
1793
1611
60
1730
100
1904
53
1607
1974
1769
165
48
1777
56
1579
111
1562
1820
1657
1689
2494
2023
54
1999
1711
1708
1770
1951
1946
1632
1572
62
1527
1684
1728
33
1639
1741
1699
1697
115
141
52
1750
31
1664
166
1772
44
1782
1721
1681
49
1789
1795
53
43
67
1962
113
1780
31
35
1583
1708
1744
1631
52
1616
1489
1645
1758
1797
1686
1828
70
1686
1584
1660
1897
1726
144
1569
238
1697
111
1890
1822
2005
1757
1673
1557
1650
193
1770
1801
1529
1600
31
145
1687
32
1770
62
1688
1742
70
26
1572
146
159
1539
1591
1508
1693
1555
102
1630
172
52
1624
1596
1710
1576
54
1750
1665
31
1538
1672
31
71
25
110
32
1676
1715
98
1625
46
66
1587
114
1615
1552
54
1624
56
93
1597
1536
30
259
1784
1717
1614
1803
159
100
1780
1708
1833
1588
55
1648
58
114
1790
1594
52
54
79
200
1569
1733
1531
1644
1690
55
1912
1902
1769
1825
159
140
1783
166
106
77
102
78
102
1781
1880
1593
1645
80
1647
35
1675
1668
30
1815
59
60
98
1639
71
1892
1691
1786
59
1709
1745
54
1545
129
1847
56
362
180
1817
1871
69
1665
1683
91
46
43
1605
111
45
50
127
1552
113
1633
53
1585
1664
1839
101
1672
1533
68
38
144
1665
1865
1819
1904
1737
1624
68
355
1747
1615
1661
1538
44
1575
1738
1710
68
103
95
34
1728
1771
1918
1571
1556
1680
1556
1525
1649
1781
1601
1630
1514
1483
120
66
1536
1527
75
1528
1579
31
47
69
1770
311
46
47
52
134
109
1469
1595
1596
1465
1634
1803
1633
1683
53
45
25
66
57
1641
1734
112
199
1655
48
1833
1617
1564
1655
1680
182
1939
1818
33
56
48
1582
1830
107
238
1606
1626
1552
1687
46
1521
31
1577
1618
1656
188
88
1620
1571
1760
311
99
1776
59
52
1638
1736
1665
2296
2973
1649
1670
2077
134
169
2007
1769
1626
1873
1745
1929
44
544
33
255
1760
117
1690
31
180
264
164
1748
1551
311
60
56
1592
1820
1880
1691
144
31
1545
117
1483
1713
1571
1583
93
1764
1703
1722
35
1670
33
1667
71
1675
1697
1653
69
1659
1731
1641
34
2045
45
116
1632
1546
1623
1763
1687
1547
130
107
1640
1874
1718
1772
1680
59
1608
36
1636
1657
27
106
54
110
1632
1639
1693
1605
1654
1697
238
311
1652
1902
302
1799
1801
101
56
1591
93
1569
1659
76
1574
108
1543
61
1591
1586
1611
98
1788
135
28
1733
1472
1719
1620
1648
1705
74
1933
1537
1581
178
1773
1694
36
42
99
1711
1619
31
35
1636
141
1620
121
53
2123
1974
1910
2030
1891
249
2055
1905
2094
1924
1985
182
2165
1981
1998
2792
1984
47
39
115
69
1621
1593
1663
102
55
98
1616
1795
121
1924
30
1733
116
118
1909
139
1703
91
1700
1742
1739
45
1763
1967
1703
1637
1630
1581
114
1503
234
95
137
1610
140
30
130
1588
32
1614
1818
55
1616
1722
1937
106
1795
1591
88
53
1724
1605
1615
1474
58
1617
309
32
1690
99
1578
98
1685
100
1971
2232
1993
2014
250
1999
28
394
2217
2129
2136
51
102
1865
2157
133
1933
1997
2108
2015
1991
2003
1927
122
43
1902
2006
197
100
2001
2188
1899
1927
1928
1777
2007
109
131
2093
2065
96
2021
2255
27
2119
151
2186
115
62
45
182
2122
36
1578
1546
72
49
140
50
66
55
1575
67
1675
1598
1536
134
1557
1518
1519
1585
1544
1458
1628
1666
1662
52
1624
1582
65
1578
1630
1731
1657
1523
1837
1785
1818
87
1561
1712
1749
1790
26
1810
1611
1756
1668
101
1666
1582
1615
29
393
1439
71
1591
1570
1739
31
1495
1461
32
56
365
1534
1697
52
1606
53
1607
97
95
1448
49
30
1517
66
2957
116
74
1981
1727
1768
36
107
1859
112
53
2578
349
1916
1913
1786
120
1719
1657
246
1680
2037
2011
32
1828
63
1568
1508
1610
1724
72
1875
1568
66
1671
94
1665
1630
1552
1494
50
33
1675
1658
66
1676
1780
69
31
1687
1579
44
67
1645
1615
1542
1588
1583
136
100
58
1638
1470
128
1695
1933
1663
1623
1767
1657
1610
1608
166
106
99
1831
1663
1599
47
1659
1559
237
1823
73
53
71
2194
2035
2092
2232
86
122
143
2155
58
474
54
1986
1936
97
33
1982
1985
1964
173
2045
56
106
1739
237
113
1582
35
2002
2252
176
1906
2283
183
2035
3552
2383
2138
2248
93
483
2075
46
2230
1954
59
32
1709
53
1696
62
1723
1724
28
75
57
2452
2147
2399
1729
1699
110
59
52
1579
1668
122
1698
1894
1950
32
32
189
2135
1808
108
1603
2157
2097
112
34
144
2154
2122
2053
2348
201
1660
1750
1598
1608
2455
58
198
106
34
1822
315
1646
1736
145
1640
1674
56
1907
66
1862
1700
57
1691
32
1685
1682
1768
1740
48
1649
1605
33
1496
1578
50
1488
1756
1730
32
1815
67
1663
1766
55
1588
1595
305
54
79
80
71
29
1586
160
1871
44
1832
1660
1484
173
1612
57
74
1862
71
199
173
2160
1538
1711
1669
1697
2420
66
2152
1976
1733
1831
1739
1639
1673
1632
56
1568
1674
1548
199
1722
1749
1757
1616
1833
111
144
1642
1613
36
1685
1618
2425
1656
1606
1857
1609
74
1720
1681
1750
41
1821
134
1621
1651
1837
87
49
1676
1620
1647
360
1675
1626
1723
1591
1467
27
107
60
1613
1605
1655
1748
46
1685
1696
26
142
1707
1802
1819
1825
1937
1855
1810
102
1580
1631
1683
1662
1600
1618
1603
1683
1716
1732
39
121
1692
1713
1706
1977
1794
1765
1563
115
1741
39
1740
1744
52
46
1632
1698
26
1690
1831
1769
1580
1756
1902
107
50
1990
1929
1956
1530
1739
1660
1977
1816
1644
1499
1529
1795
55
145
1730
1662
1655
1585
1668
1923
1595
1561
1646
1719
1636
110
26
1514
30
1709
102
1844
63
1827
32
2089
1628
56
1683
1614
1859
47
1551
1828
1821
1461
1837
1595
1742
318
1761
42
2309
74
2538
2469
50
48
177
2537
2528
2172
71
2652
2253
60
108
2236
2019
73
1646
115
109
1580
1740
1759
307
1555
1738
1487
321
174
1623
73
117
39
25
1655
1611
175
1659
1626
1632
1634
1690
105
1642
44
1794
1626
30
29
55
1663
39
1752
68
1752
54
1620
1679
1603
61
32
1665
1769
73
1675
1660
1652
1450
1501
1698
324
1488
2106
1638
1760
104
178
1796
132
177
1842
105
1537
1636
1549
1637
1649
1727
1675
56
1491
140
1650
1821
1585
1638
2053
3616
1868
174
1680
113
1759
2085
2826
2270
1775
66
1938
1517
1566
83
180
1660
1652
191
72
1581
1571
1808
1626
1677
1658
1680
1684
54
1781
1738
28
1697
1729
1626
1465
1535
1704
1741
1459
1581
1744
1721
41
54
99
2219
76
130
74
114
124
2468
1710
1718
1731
1794
1836
1783
96
127
66
1612
1536
1545
1532
1788
1739
1559
1604
105
59
1469
171
1832
1522
50
30
55
1633
1609
1504
70
71
1629
1520
1650
58
34
1590
1610
45
59
1765
1783
66
1536
101
1715
54
149
60
32
1584
1648
1729
1492
1772
1811
1604
304
1456
1548
1477
1552
1601
1555
30
1656
1611
1723
1605
56
1703
64
1597
1597
97
1889
168
85
138
172
1496
1625
1709
206
56
1797
1664
1645
1726
1720
1566
52
1636
1495
1561
171
1598
1540
1710
302
339
1656
1721
37
1711
57
117
1748
100
1604
1560
1575
1646
2514
3505
94
2606
40
37
2239
59
29
1894
84
251
1979
165
40
2164
1609
1646
1877
140
59
162
60
1676
57
99
1540
1653
1649
143
1631
1596
93
95
54
1673
58
65
53
1685
1597
199
1592
245
26
56
159
127
1631
80
124
57
120
1782
40
119
228
176
105
1772
1753
265
1699
24
95
1549
1687
1472
1633
1798
60
112
1793
1731
2768
1748
2364
116
1866
1786
38
1769
62
83
1555
1688
66
1683
32
52
1707
30
1990
58
1897
33
1749
1691
53
112
105
1495
95
57
45
98
1634
1635
108
111
1791
1807
71
26
1675
55
1773
59
1807
29
1723
55
56
148
30
62
83
2021
149
1634
314
1674
1523
45
1517
1776
1634
64
33
51
238
1756
1538
31
1497
237
106
104
1586
1678
1626
307
1755
1633
54
1647
104
1731
1631
42
1773
1814
1589
1870
1768
1910
55
87
1526
174
47
95
179
1564
1601
151
1663
2001
1866
1784
149
1947
1629
58
1555
1795
1646
60
1620
1666
1810
48
110
1707
54
46
1848
68
47
1785
166
1642
1615
1688
1683
49
92
1758
37
1662
1656
1630
31
1690
1790
1689
106
32
1759
44
1599
101
1581
1578
99
73
1567
56
69
1696
1691
54
1633
1935
1578
1600
1588
32
1715
144
1569
57
1572
34
1608
1559
31
1623
1642
1809
1595
1637
113
1506
29
66
1575
165
1736
185
1691
65
1553
1687
36
1704
1782
1655
1678
265
59
1720
56
1579
1488
31
1593
1592
1601
1614
1789
1487
65
1577
1656
1580
34
1793
1616
1578
54
1629
1512
95
1591
1656
104
1684
29
140
2057
1919
41
1679
1795
1653
1585
246
1710
268
1628
31
33
1538
1761
1664
34
1545
1593
53
1715
58
1673
119
1588
60
1578
2020
36
32
1763
1629
143
1555
24
1841
1618
1610
1567
1671
56
182
1517
49
1582
1673
145
1724
1599
1676
112
1629
72
1711
1665
34
25
1609
1640
1717
1814
1675
103
54
111
32
34
1633
1567
1644
292
1684
247
1538
213
1658
156
1586
259
54
101
1659
1580
33
1494
1584
261
108
236
1519
1705
1686
71
1656
69
25
104
2153
1701
1567
33
1620
1986
1966
1698
25
57
1792
1628
2008
1991
1829
35
1906
1716
177
38
34
1890
1697
1611
1697
67
1584
1563
120
140
1903
1916
1792
1632
1911
34
1567
72
143
1889
1656
1670
105
1539
58
1616
46
1703
65
1607
1742
2038
57
1532
1797
1612
2040
90
1938
1730
57
1751
71
62
1594
1832
62
1974
186
1684
1753
1617
31
30
1653
1741
1740
1628
112
1736
1699
1847
52
1592
1629
70
53
1766
1576
161
1817
1719
1676
1630
1679
1766
1865
1918
1678
113
1774
35
1902
39
1678
1877
1746
1831
1627
46
1610
53
1641
1880
1800
71
58
1951
1862
1643
125
1843
1663
1871
1753
1683
141
1625
1668
101
1847
55
1657
1980
49
33
1695
2017
1636
86
88
1734
42
1906
1714
1623
1557
166
1783
1817
1837
1557
1651
98
98
1825
2231
2034
1543
1771
168
1479
1547
29
31
44
1678
1689
1532
62
1739
1552
27
50
45
168
1612
1638
58
1556
1584
1716
1720
1594
68
1703
1675
1558
57
1581
1657
1528
64
1612
32
84
2340
50
115
57
99
27
1489
1777
39
1844
2164
157
1726
62
1859
135
42
1729
58
1708
1670
46
107
51
1595
30
115
304
1634
1715
1707
77
96
1851
119
1657
75
1732
51
110
35
116
94
50
1608
1555
63
1581
59
26
110
55
1871
1816
1718
107
70
1598
260
49
1607
1855
2021
1637
45
32
1594
1651
1596
54
34
1666
1604
1861
306
239
142
1496
54
1627
1501
1598
1601
143
1679
1818
1762
1572
169
1571
1551
1555
1664
2004
1759
1527
1813
1501
1611
1771
1497
1580
133
1566
1652
1456
336
1811
59
1837
1869
1733
1668
1792
109
1721
66
241
103
1736
42
56
1734
1655
140
1485
1527
95
1535
1903
55
1847
1582
2528
1930
1609
1838
1799
1720
232
297
1869
1803
1879
1669
1642
313
33
1971
1921
56
1584
25
93
35
55
1770
1772
1665
1657
111
1638
1539
69
1674
116
1729
55
145
1942
70
1598
97
1604
33
118
150
1817
1739
1790
1658
63
1582
32
1707
1730
35
1862
1914
1806
1905
1790
100
99
26
1622
1822
35
1690
31
144
1648
1646
1749
1887
291
1700
1500
2030
1613
57
104
1628
165
68
1706
1893
146
1546
1684
1614
1590
1842
1600
75
1828
1769
97
1607
1706
1602
51
2219
2025
74
34
43
1820
63
1788
1688
93
1600
1683
55
1962
1983
1694
1633
1651
103
1715
1711
33
1690
1692
1742
1680
1886
32
117
1805
1864
1637
107
1830
1737
25
1793
1736
1837
1900
1965
92
1844
1855
1631
53
1556
2135
1736
1507
1626
1672
1612
1593
1641
1614
148
77
1618
1683
92
1857
1609
1683
89
52
1590
144
58
1683
56
100
32
26
1751
1579
1577
27
1638
1558
115
1526
158
1570
1686
1549
1520
1482
1582
58
2458
202
1755
1732
1729
1758
1735
1597
1648
1726
169
1708
1830
1653
1613
1573
1644
1613
1888
1791
1607
61
1843
1795
1702
1611
32
1898
1645
1621
181
1533
1591
54
43
59
1830
1889
1701
1520
30
1674
1473
65
1672
57
1562
1945
101
1640
1825
260
90
1842
1963
2280
117
1891
1823
48
314
36
177
1696
1801
1859
1664
1892
30
1790
1573
1739
98
1843
1835
1711
248
1648
2042
80
120
2000
84
2333
116
1582
1794
61
1830
1728
57
1725
1705
158
1812
47
48
59
76
1634
1674
36
1886
42
1697
88
102
1806
1732
1899
118
31
65
193
25
2519
1944
189
1558
1551
1640
57
1459
1625
1625
135
1477
1621
111
1640
1985
1874
174
1815
97
59
94
93
144
1711
110
2236
1850
124
1714
170
1683
1831
34
65
97
90
1859
1549
1757
264
1892
31
56
1642
1581
1678
1724
61
69
1822
58
106
144
1726
1765
1717
1873
75
41
1811
69
62
57
99
59
1523
47
1760
1749
88
1820
2087
1680
1641
1922
1761
89
242
74
1724
53
1713
1973
97
41
123
99
56
1648
1714
1812
1885
105
1714
101
1717
1723
1567
1672
181
1872
51
1692
1749
171
1799
332
1901
62
1872
94
1870
48
52
1756
1791
1832
1838
1974
1691
1766
1492
1657
311
1836
1813
30
1671
1630
1565
1893
1654
97
76
1745
56
1685
47
1858
47
61
26
1595
164
57
246
1703
1607
1886
1653
1603
1564
1765
1798
1897
1722
1740
1826
56
1840
56
1877
2022
3569
2443
51
101
1799
2063
2001
1723
1705
1860
37
117
2036
1703
1947
114
47
57
1902
101
1773
1861
1642
1714
99
143
1686
51
74
1629
27
1678
1620
1479
1805
1607
1627
1705
1719
143
1695
98
1729
1840
1738
108
1922
77
2216
30
102
142
112
55
1995
1838
1805
29
1844
1753
1852
1718
178
266
1728
1658
1986
2031
48
1717
48
2029
426
1996
1877
1741
1725
261
1444
1485
1505
163
1562
1570
1604
52
1595
1589
72
1633
1559
1654
1730
1937
109
33
55
47
82
1652
1892
62
76
123
168
1805
162
1607
1785
1650
1716
1803
1741
1756
194
1914
1848
1784
1868
1716
1713
1538
122
80
1623
57
1735
72
1861
1961
1941
1863
1883
48
71
1857
1559
1633
1836
75
1835
2046
1551
35
1621
121
1589
2654
3348
2643
1845
54
1828
1893
167
2308
123
1622
1571
347
143
1574
1711
1609
29
1760
153
1623
37
1816
1748
38
1810
1695
1958
1683
41
120
1894
1783
1663
64
43
115
1890
1935
26
1787
1816
139
1680
1981
1756
1735
98
1607
59
99
1781
1631
1766
1917
30
2070
1784
56
1875
1628
71
1633
1728
42
1657
1561
1681
114
54
1606
1670
1921
1812
1739
98
1717
47
1701
1705
1866
198
1881
112
174
177
3438
2225
1794
1730
33
1900
104
246
1843
1801
1783
1674
1729
1843
1790
1592
1649
1804
101
1823
32
1735
1633
1812
29
1528
1753
1564
1563
1495
1953
1698
1575
1610
75
2025
1656
1947
1804
1709
1730
1684
240
1697
57
1737
1884
1709
1645
2612
208
52
1835
1995
59
35
1869
173
1602
1721
55
1786
34
52
63
1658
1685
156
1944
102
101
1606
38
1692
1635
1882
243
1695
93
1884
1738
1857
1767
1634
1593
30
1666
1715
123
80
1716
27
1693
1887
1712
64
1717
52
1673
2023
1800
1570
1647
1626
111
1744
1589
1553
1495
1624
1636
99
105
1477
1627
1536
70
335
1637
1519
33
1591
1595
1716
1587
26
1647
31
1635
1647
51
1571
1701
24
35
1581
92
287
2284
1778
68
2006
61
1675
1571
1794
34
1788
31
1742
97
53
1576
1478
1637
1666
1662
31
52
1659
49
1593
1794
1603
1613
154
1569
60
168
49
132
1656
1813
1673
499
1696
56
1663
1599
65
1697
1537
1559
1685
1552
86
1534
138
1543
95
140
1599
57
1715
1646
1535
1574
56
44
1578
1659
1715
1669
43
116
1620
240
1670
2334
1779
1685
97
1861
1711
1775
1750
1612
240
1555
1641
1713
1571
1584
84
1640
145
1688
1854
1590
45
1667
1547
1775
168
1681
1589
1635
233
70
1717
1715
1634
1679
58
54
1721
52
1733
1580
1579
1548
1559
95
32
1633
1644
76
54
1816
32
1682
114
1681
110
59
1767
1638
1750
1750
1633
99
1855
54
1651
73
96
1768
1559
1669
1743
1709
46
1813
1640
1558
1571
1767
1544
1692
171
53
1597
1582
30
1575
93
1460
52
92
53
1807
513
31
1586
1510
85
49
60
55
202
1733
1731
80
1739
65
1532
1577
1710
1832
54
1682
57
1848
1596
312
33
1681
96
1602
192
53
38
43
127
60
235
66
1794
1564
1649
1657
1625
1802
34
1764
1672
1629
1839
60
1747
134
66
52
26
30
1765
1629
31
1634
31
1702
1622
52
1667
1652
244
1768
150
32
1653
1560
160
1825
3308
2244
44
1658
1559
1775
57
1736
1535
33
52
1568
1574
1554
72
1590
95
102
1636
1787
1591
1599
1724
1725
1504
55
1618
31
95
1594
1561
1576
31
49
1734
120
25
1580
504
1611
26
1612
1806
1623
187
1648
1720
1714
1687
1680
1715
62
1713
1737
97
1768
265
31
1629
1730
1456
53
47
1514
1753
1628
1599
1640
1572
71
30
59
1642
1575
1565
1535
54
1711
1562
1678
1513
73
1585
1663
41
1734
1689
171
119
1604
109
1748
1598
1684
99
1696
1589
169
1577
55
1712
88
57
117
1600
1743
1459
56
94
34
39
1604
1608
55
1763
1610
68
73
1758
1556
138
109
25
123
1572
1500
1578
1477
106
1524
1550
1618
53
1741
56
150
73
1723
55
32
58
1725
1610
52
1598
30
56
1552
1679
1634
1551
1573
1567
31
1539
1571
1639
1583
55
1541
1581
1504
26
70
1686
54
1651
188
1725
1730
35
58
117
35
1861
309
1689
119
1561
1705
45
2049
1618
1612
184
1577
1641
1737
94
1579
1617
1622
1729
1537
1618
55
37
64
1596
1621
113
71
102
1557
148
1592
237
82
1677
1708
1485
106
1746
1628
1703
1555
113
1643
1621
77
1669
1634
54
1731
1521
29
1739
1787
97
1683
77
1737
54
47
1602
1772
62
1727
1812
1609
1831
112
134
35
1592
1720
69
1624
26
1654
1545
1673
1629
1647
96
1597
58
1635
30
74
56
47
1765
1685
1714
1677
1812
1697
1717
32
1803
1645
295
1602
1637
1691
1541
1523
1492
34
95
1549
127
1666
1615
71
1499
1744
1777
1594
1541
1565
1635
1600
1741
1585
101
1706
1544
58
73
1620
81
1591
1547
1681
1661
55
58
1702
1673
1634
1573
140
1597
1709
1603
1570
283
1544
1623
1536
1586
1686
173
54
112
1655
1723
1661
1615
25
173
1470
1583
114
1479
2268
1669
1609
64
100
1582
53
1558
258
1581
1623
53
88
53
1571
1753
61
67
1618
1540
52
1518
54
92
1595
1554
101
1599
1729
1623
1708
1706
51
1656
1663
1636
1589
664
1544
31
1611
1644
1599
1507
1450
1690
1650
139
1635
1650
26
90
1581
1606
1662
46
1586
1495
55
116
24
31
42
41
29
1639
1592
1725
1707
1562
54
1562
1731
1691
131
1623
1595
66
1507
1594
1544
1671
308
1701
1542
1694
1761
31
32
57
1764
1823
1547
193
1603
1519
1623
114
41
26
1640
60
1826
55
1754
1728
143
1582
1631
1553
442
1644
1754
1560
33
158
93
103
1576
67
55
40
1611
1612
1557
1792
114
1492
26
1707
1645
1691
1507
1483
56
1498
66
1553
87
1623
1591
1646
1763
1745
1572
48
60
1732
31
1558
194
1516
103
1581
43
1612
50
55
1632
33
72
1575
107
40
1553
68
103
1467
1597
26
1771
84
1729
1723
57
2397
1839
53
1602
216
121
51
72
1769
1687
1793
1640
1495
1601
62
36
1582
1621
95
1804
1684
45
66
614
38
1609
115
1629
1518
30
59
1568
1635
41
76
1634
201
1544
1541
1643
1698
1663
1846
1682
1612
114
1727
52
84
32
1583
50
1471
26
1644
34
1530
1536
34
1575
2484
3118
1793
53
2002
1521
112
32
2054
82
1611
58
1613
1710
2036
1902
32
1782
1831
2124
1714
1634
376
1871
1730
180
1702
1657
1639
291
1928
27
1645
1659
1715
1711
1754
1869
1666
198
1708
48
1752
1627
1907
123
1741
1552
1875
1818
164
1532
1466
31
1993
1803
1644
85
2694
2043
1690
1899
1601
1627
1717
36
2193
54
1948
56
1866
1629
2163
1816
159
346
1734
1802
1625
1785
1513
105
112
1472
1742
1795
1789
1578
103
1585
57
66
1588
115
131
54
109
1608
107
68
1593
1492
106
1719
1681
1630
1574
32
31
1766
2689
115
2015
1623
1869
1630
1731
1604
1660
1972
121
118
104
1495
65
1894
2207
1479
1593
108
102
2147
1571
1673
1703
1510
54
29
1533
1643
29
44
1667
1560
1507
90
1766
1617
1735
1621
35
1681
1623
1680
1687
65
1824
1687
1511
147
1562
139
1728
106
1605
1624
1624
1638
1565
61
1635
1510
1639
1472
99
1568
1481
1532
1628
1568
1648
1561
33
1721
56
1571
1492
1473
1543
1811
3772
52
66
2026
1585
132
1810
33
1686
1987
2295
58
54
87
73
1726
1719
1753
1582
30
180
139
1677
1729
33
1581
107
50
1746
1594
1710
1749
1723
1502
1673
1682
1600
185
1666
1607
243
61
143
1707
191
55
1605
179
238
1796
1692
1739
134
1591
195
35
1663
1681
2580
46
1643
31
51
1537
1727
1588
123
1976
1784
1745
1412
27
1659
1642
2182
2123
113
1643
1693
67
70
108
1570
150
1610
1843
1727
1690
1743
1580
1730
1667
1724
56
1741
153
1630
1637
1587
1790
1599
1790
1704
1740
1556
1689
1649
36
1739
132
1648
1602
1556
25
1661
304
1677
1481
1514
1638
188
1626
1608
1764
1686
1678
1471
1570
1491
1478
1620
1729
1612
33
399
1713
1608
1514
1591
1666
1642
1501
93
1561
1625
1592
1531
1598
373
64
1712
31
30
1582
1534
235
1523
1626
1623
1703
1748
267
36
33
1657
1622
1613
56
110
54
1614
1563
73
1607
1671
2113
1824
1611
244
1692
1710
1748
119
1768
126
1618
1767
1701
1683
1677
136
31
1621
1763
1677
92
1832
1561
31
1544
1713
50
1688
1741
1571
1697
1644
1685
56
1693
1558
32
74
68
1778
1674
41
1713
1693
1591
1535
31
101
348
1742
1670
34
52
1705
1611
1706
1667
27
162
40
25
1704
1685
136
1749
34
1602
1557
1623
304
338
1585
1784
70
1518
1735
1604
69
1829
41
1594
47
1626
54
29
1612
107
179
1766
1828
1556
426
1589
1716
45
1896
1623
58
28
74
1736
1612
1660
1664
61
1632
1658
105
62
1649
1663
92
1480
1453
1776
1549
105
236
1823
1579
53
58
1748
1581
1799
157
1714
1717
30
1595
1592
1561
1634
1595
65
1514
36
1649
1618
130
52
1641
1551
1479
1636
1548
1538
1645
1677
241
2111
1880
1678
1625
1655
126
110
1512
27
1597
1584
57
38
1820
1678
128
1526
52
84
120
25
51
263
1783
1513
1500
1537
33
1560
1596
1601
188
1650
1655
1808
1690
1711
155
338
1681
27
31
2128
1862
1715
97
55
1696
31
1532
1778
57
1913
169
30
1559
1516
1554
1689
1687
33
1634
1750
175
1595
1749
1730
27
169
173
143
1814
1544
110
38
143
1588
1793
1616
1726
119
44
92
1665
30
54
1868
1647
1527
1479
55
1693
1587
1596
1736
1586
1653
183
1591
1573
107
1541
1570
63
45
38
1648
1814
1743
1713
118
311
1744
1628
1559
1627
1544
1543
1611
57
478
1713
118
1664
95
1655
2298
64
2302
188
122
2346
2631
513
2018
1768
48
1750
164
74
1732
2032
48
1639
1700
133
107
1645
1715
1765
103
1697
35
2127
1677
87
1928
1724
2111
1665
58
96
1747
1815
1793
126
73
1644
106
109
59
1810
1734
1955
1696
1697
1790
2095
103
2047
1730
65
1681
45
2738
2085
44
1741
236
120
321
1685
35
2048
199
2769
2202
1683
40
38
91
1649
1497
1623
1670
176
1640
1745
37
1754
1686
1676
71
1732
53
59
1755
1652
1737
144
1631
42
144
1748
1648
64
1680
1694
30
1560
1710
179
2076
2024
59
98
1876
96
2192
1705
1884
101
58
1773
1628
59
1646
30
1879
2021
1889
1861
1745
42
1949
1933
1598
1564
138
1665
85
45
205
97
32
2152
1512
140
171
71
34
1636
1748
73
55
1527
1531
52
53
1534
1643
1579
1636
1662
31
302
42
1539
1636
2078
2609
1620
1618
2284
35
72
1497
1611
1826
120
1836
1828
2055
110
57
1540
1600
133
1494
142
1708
1648
28
55
64
51
1723
1852
1553
198
1680
48
1912
1662
342
1808
1616
1765
63
1496
1579
1590
1777
1576
1728
1686
335
141
57
1691
1863
26
141
1555
41
57
111
30
1828
1614
1740
123
1793
1675
31
118
1764
1692
1589
25
260
1621
1682
1699
1602
1636
73
1462
1657
1596
60
1715
35
1811
1510
1599
69
1679
1597
1610
1605
1659
57
1824
1594
1714
1728
1667
1844
1721
1909
2059
1718
85
2061
2189
145
1825
1778
1968
102
2144
2441
2220
1766
1800
1591
36
1712
1520
29
55
71
1504
1566
31
1633
1645
1818
1886
98
1612
1728
2001
272
69
53
2238
1751
140
27
120
1956
263
1816
1562
89
33
1924
81
1832
1764
35
1702
1538
31
2026
1996
2274
1701
49
1638
1642
1732
1688
35
44
108
1579
57
1629
1560
1665
1552
1764
1820
1652
1687
244
29
197
1525
64
1670
1630
172
1810
1549
51
1703
1803
81
1794
1706
1771
1767
1722
69
1700
1551
1609
1602
33
1587
1649
34
36
31
1636
1668
1723
126
111
85
1789
1780
1737
1597
1703
2088
84
1766
47
2443
74
112
2009
178
57
1732
58
1564
49
1712
1929
1745
118
1747
1902
1982
31
117
2040
2145
1596
2187
2490
119
1967
249
1742
1603
1530
1631
1696
1670
84
1641
2065
2265
2297
2019
1896
1630
1729
251
1543
1674
1621
1712
1736
1723
1850
122
31
1661
1746
1677
105
1603
2088
1672
56
1556
1603
2085
56
1574
74
55
1682
1717
1686
264
2279
33
392
139
42
52
2344
1777
1861
1963
1693
1619
1752
2289
136
1734
1851
67
1744
1665
1817
1801
2194
1847
1688
1690
74
2245
1911
264
1596
28
1671
1674
160
1577
1776
119
243
112
1745
1747
1598
1667
1565
30
1689
1757
1754
2079
72
98
2368
2383
1846
1848
63
1945
1644
2046
1653
1643
1618
1611
1590
1640
1535
1606
47
1567
1801
31
1695
1751
315
185
1680
113
1566
1575
58
54
1599
311
1580
1683
1858
1651
2385
1683
57
1676
57
54
1631
1781
1756
61
73
1543
1577
1610
1703
1714
1981
72
132
1699
78
53
71
1680
120
1706
1632
1624
1700
1825
1661
1546
63
1766
1585
1545
1700
1803
1695
252
2989
1829
1748
1671
30
1701
175
2211
3144
56
2447
1600
1615
38
1621
1643
188
47
1523
1787
118
1531
35
1911
1695
1601
1829
68
180
26
1875
1683
58
1652
1544
1635
1646
110
55
1565
1687
1698
161
1541
96
34
1452
1465
1600
1713
85
1916
1990
1923
1960
1808
93
54
1711
43
1816
1974
1590
1626
1851
1722
1808
1547
1536
1587
1494
316
1601
29
1586
2421
120
1748
147
57
1679
1751
195
106
1522
49
1677
1495
1555
1538
1602
1726
103
45
1860
1585
334
1576
1592
103
72
113
1488
35
1538
98
1682
65
1487
1694
1726
50
1604
1842
182
2601
34
1703
1926
1734
1803
1941
1808
1678
29
1794
1785
1735
1559
1623
111
110
1747
1596
1598
1692
1692
1796
1573
1711
55
45
312
1753
1595
52
1690
1663
1629
1805
1814
1818
32
158
133
1577
1704
311
1677
1723
1829
69
241
1722
55
1709
1695
1619
1558
58
1658
1571
1511
1706
178
1663
1790
1866
91
1622
1642
54
1745
135
111
1751
164
1744
1570
1612
1620
265
1690
150
1664
2497
59
1607
1633
62
133
1683
60
1670
1691
1591
1557
1747
1558
1684
1669
1582
55
1669
1483
1473
61
1627
1719
47
1637
1657
68
1544
1580
1569
1516
53
1547
1543
1597
1832
1654
1645
1628
42
115
187
1650
1690
268
1596
1693
1696
1601
1576
37
92
41
1613
1654
47
1579
94
95
2002
364
1912
330
1755
123
1646
1594
1710
267
1562
110
1520
1703
1800
31
1816
124
33
1552
1883
1710
1771
1689
27
1618
1547
1601
1734
98
1628
66
135
1746
1569
1754
1622
1700
1694
1659
1676
1702
1782
1552
1548
1510
59
1833
1620
1595
53
1613
1556
52
31
306
1555
1707
104
1678
54
29
30
1803
1700
1586
1711
31
1661
1598
64
1674
1686
1815
1638
197
1629
1586
1475
1537
1558
30
1583
1469
1582
1747
1702
68
1828
1527
54
1566
1575
1628
107
1706
51
1494
1595
1649
1789
1683
1701
64
50
64
1811
1739
1651
54
1593
1574
1772
26
1574
1606
56
57
1683
1634
109
1570
1636
30
1557
114
30
60
1636
1701
200
1624
178
42
173
56
1712
1740
1853
1705
1685
186
1622
1632
48
26
1723
1658
1622
151
117
1734
1680
53
54
1728
110
1786
1737
1799
117
1665
1809
111
1721
1775
1666
1741
1615
1564
1715
1684
1833
53
53
1613
1605
1561
1732
107
1577
32
1587
41
1507
1713
1755
1514
311
1631
68
1707
156
1672
1564
164
56
1574
1503
1799
2101
1680
1591
1679
1530
55
1677
1675
54
1553
1580
56
1612
1639
32
1561
59
1634
1562
68
111
1665
1724
31
72
1556
107
109
46
1697
1613
73
1666
1613
1606
1674
265
66
1715
1674
1603
1756
1702
45
1641
1540
402
64
1885
1684
74
1637
130
1623
53
32
1546
26
82
25
1677
1646
1470
1751
118
1740
36
1547
48
1682
66
1583
1598
53
46
1665
1655
1619
1657
116
112
67
43
45
1611
1726
1524
1718
1789
2234
1700
71
1643
1560
1601
1865
1727
1563
1647
104
1737
244
1730
1573
245
59
1625
1778
65
264
1683
1655
47
98
1648
1685
118
123
47
1579
37
146
1783
71
152
1644
1666
1671
1569
1626
69
1750
1661
204
1624
1631
108
1674
1728
1692
1725
1688
1805
1698
1604
38
260
1623
1658
1581
26
1556
1721
176
31
149
144
1627
1696
165
1688
1693
1573
173
1790
93
117
1673
1699
1691
1541
47
1611
263
1768
132
83
43
1625
111
1687
31
1708
1793
1564
1785
1682
1577
1664
1567
1696
1634
1563
96
1655
1673
73
1655
1695
1635
1782
1787
1597
31
1703
1675
1705
1609
1751
31
1726
99
111
1595
1717
53
1706
1579
1666
1721
54
1579
1607
1594
56
1588
1785
1756
58
1810
1611
41
1641
1819
1689
57
132
117
179
1672
1692
1653
133
66
31
2216
1543
1572
248
1723
1565
55
202
1874
1681
1810
1661
1778
31
1709
1688
1655
1625
1562
1632
1625
1698
51
1665
1560
99
1813
55
1782
1648
32
105
27
1560
1754
1688
1689
89
189
73
1502
1686
168
117
1694
25
107
110
1665
30
1631
1796
1709
1618
44
94
1697
52
1784
1786
1640
67
1657
45
1720
1598
60
135
1628
1759
1647
32
1813
98
32
1543
32
504
1663
61
1672
111
1539
1594
1487
1774
1557
1698
53
57
1800
1587
1710
185
1727
1634
1592
99
1680
1757
118
1547
1767
1717
1773
1727
52
1591
131
106
1688
1674
25
1644
1678
1655
1651
30
1611
1733
1512
1664
99
1680
128
98
1750
1631
1670
231
68
186
1782
111
202
1631
1613
1654
61
1565
1663
1761
1710
1617
1657
1684
1589
1531
1587
1702
51
33
1709
188
1681
1783
88
1772
2141
1578
151
1628
1647
1587
102
69
1718
1699
1613
67
1789
1601
1669
1644
1716
45
1775
1679
56
1695
1535
1568
36
36
1690
338
1755
1642
1739
1714
1598
56
117
1727
1619
53
1656
1783
1783
62
311
1551
1644
1767
133
1649
63
1771
1580
93
1718
34
74
47
51
201
1678
1541
239
32
55
1580
44
1627
1694
370
195
1689
1661
84
1664
53
53
1592
55
1652
1594
1688
54
1687
1618
89
47
1688
54
158
1751
1560
1688
2438
2227
128
1833
3594
1900
71
198
1582
2251
1822
52
31
73
1720
1655
1584
1554
31
59
1749
110
1639
31
1558
1775
189
120
190
1793
1720
58
1691
1701
1697
1746
181
1513
54
1597
1631
101
1556
1751
68
1721
1654
1577
1705
1680
58
111
1704
69
1614
38
1735
1657
204
68
97
1647
1856
127
92
2328
67
1776
1550
1538
178
1650
1698
1695
1734
1514
28
1683
1704
54
1660
304
1789
1625
1660
32
47
204
1695
1689
48
1647
98
44
1700
1681
1611
1589
180
1773
1667
1614
99
1600
1703
1652
63
1552
110
1738
1638
1658
1568
26
1713
1695
1758
1713
75
113
76
61
1565
175
76
1798
1660
32
1646
1790
100
1656
1623
1632
62
1693
1661
1716
1642
51
29
311
1634
1761
1619
106
53
1758
1529
1665
1713
1728
1642
111
105
1705
563
55
31
1616
1589
218
31
1673
1733
1701
1776
52
1656
1626
54
1786
36
1622
1607
1601
1754
27
53
1768
1601
107
100
68
1580
58
1632
1601
241
54
56
75
1613
86
1777
31
1719
31
1743
1780
1737
1702
1712
1624
1668
26
1567
1642
1622
1517
60
1601
1730
1716
1553
25
1638
1539
1731
34
1636
1647
26
1624
98
1667
1450
1548
1594
1708
1698
53
1762
1665
1629
1718
27
1624
239
1687
1722
54
69
178
1708
35
1635
1611
74
31
1692
98
1527
1576
32
1714
1653
123
1665
25
1807
1529
1587
1690
32
1648
66
1580
30
1607
1616
91
1646
1674
54
2018
1588
1646
1848
1807
1672
69
1784
1790
77
1762
1839
1671
97
1724
166
91
1664
38
1617
143
1715
1594
1682
1565
1689
1738
1620
1678
31
241
1622
194
1742
26
107
1617
1680
67
1559
73
1820
1816
1627
59
33
1785
1638
1618
107
1702
57
1665
1609
68
1703
31
1625
1682
54
1587
1609
32
53
1680
1625
1681
1590
1670
68
1699
1669
1642
159
1706
1678
1748
47
92
1582
1777
1746
1614
1832
1689
1717
1574
1528
1561
1620
1480
1698
1763
53
101
1657
1678
56
1668
134
1704
167
71
1642
45
265
176
1595
103
1829
31
1648
1560
57
71
47
1559
40
177
100
1694
80
2518
1587
67
1574
1596
187
1809
1950
1591
1622
1712
32
1641
1660
111
1728
32
1613
1717
1632
41
1676
31
1648
1659
1588
1790
1718
32
180
1632
1562
74
196
99
1572
1516
1613
1753
32
25
1731
99
29
1532
143
1669
1796
1482
1727
1552
1478
143
140
57
1835
1651
1488
1492
113
1518
1577
56
1689
1543
1766
1718
27
62
1615
1804
51
1665
1697
99
28
54
145
101
1549
1713
113
144
98
95
34
1670
73
1628
1730
1486
1770
50
179
1624
174
1571
1622
1487
123
1707
1662
1592
1504
96
1675
53
1832
1646
1697
1783
1702
31
1667
1759
1661
302
96
1495
244
1608
99
1664
1630
1824
1596
143
1610
1701
74
1779
184
1727
1596
56
1559
1692
144
1594
119
88
98
25
179
1677
1511
1692
1598
1754
104
1647
1838
1578
26
1527
1688
1733
72
1657
1559
1708
1723
2199
1636
47
68
59
117
1676
32
1683
1625
1685
26
38
66
32
1622
1495
1721
1666
1681
48
1682
1674
1695
1554
1597
1612
145
1533
1716
118
100
326
32
1595
1689
1490
1548
318
1519
1563
1662
1635
1537
1549
1607
1689
1647
25
1645
64
25
58
1651
65
200
1607
1563
1654
99
1459
1642
36
50
96
1647
1628
239
1518
1669
1520
1567
1661
1564
1657
1598
1592
1526
55
314
1658
1600
178
1545
149
35
1718
101
54
1626
53
187
1607
54
1488
25
1629
1575
52
29
1610
1515
45
1567
1506
31
1699
26
99
42
1583
1562
1725
1717
1498
47
1613
134
1549
1586
1703
31
1637
1628
26
1482
1597
1599
1539
1531
1647
1660
1703
1474
1680
31
1747
1532
1587
1472
1570
96
26
98
54
53
1588
26
133
310
1606
65
1578
1542
1654
59
98
1568
1539
1516
1555
56
1748
1627
1692
1712
99
1561
1563
99
1993
1566
68
121
1457
1593
1520
1473
37
1764
32
1533
68
1506
32
1499
67
32
69
1615
118
105
28
169
1571
57
1531
56
1670
50
164
1761
1483
1564
118
30
26
1588
98
1593
1454
30
112
174
67
1547
1529
30
1601
1605
1443
56
1603
53
41
1539
1529
135
53
56
1632
74
1419
32
1565
146
1567
1749
84
1565
165
107
45
1686
117
54
1557
1593
57
1417
1569
56
1526
30
1495
1648
1604
1613
1631
1595
1436
1585
1608
1588
263
1593
1644
1635
110
1579
1658
389
50
1570
1762
25
1630
1453
1456
1536
182
1697
1667
35
1589
1640
1584
1499
1702
1545
1470
1598
1711
1581
1639
58
55
55
1516
1669
1453
27
1594
1617
1541
1620
56
1446
1506
1473
98
26
97
106
73
173
1500
1726
1596
1605
1552
32
1563
56
27
1637
1614
1593
1525
74
100
32
34
30
1683
1539
54
1549
1491
63
1509
179
1729
106
1475
51
1544
55
1606
1582
237
1555
143
96
1609
1501
2077
161
58
1452
242
73
1492
1594
145
1487
1605
1612
1593
1559
436
1591
1511
1663
1528
1438
244
55
35
30
26
56
1563
1616
1684
1492
1475
1564
1529
237
1614
315
1487
1598
34
173
65
1515
31
129
1708
132
1549
1535
1489
164
1551
1550
1535
143
1531
1505
1511
68
165
1518
1619
144
25
30
1488
1579
1514
1543
1577
48
1536
188
95
1581
1478
1499
117
1578
118
35
1627
1604
1585
34
1583
99
1528
54
1608
143
1555
26
1646
1584
1592
1601
1522
1622
59
1494
1627
1654
1521
1614
1694
32
164
1642
73
26
57
1558
1504
1468
1483
55
1546
57
113
1568
1744
1554
26
57
1474
1574
1667
1583
1573
1572
1561
55
26
1523
1484
1542
143
1499
1644
1594
59
1577
1536
1632
56
1592
26
49
1567
1578
34
91
1647
1469
90
1507
1527
153
1600
1669
1522
89
70
1702
1675
1630
1605
67
1550
1651
1555
1527
1569
68
1693
1584
178
1604
26
155
1531
1471
1548
265
1547
118
1527
267
1626
1532
1646
98
143
1527
116
58
1593
1684
2088
1814
84
1410
1543
122
1438
169
1571
1923
59
1687
63
1563
1658
1531
1599
101
143
1550
1578
31
44
1619
60
1570
57
265
1557
1505
1531
1558
1654
1658
1620
1723
1572
144
1576
1628
1546
1527
132
49
1597
1632
31
1638
1653
1589
1509
1578
62
1667
1655
1498
142
1534
67
1609
1666
1578
178
1681
1453
1585
1694
131
52
1553
30
1567
30
1510
1581
1509
1586
54
99
135
1457
1608
1506
49
1672
30
1671
1456
1542
243
59
1693
1599
1529
1541
1594
26
1564
47
57
1607
75
1604
1458
1670
1558
89
1563
164
123
143
168
47
1549
1583
1514
55
1647
1502
1650
1496
244
26
1536
1665
1563
1695
45
53
164
1618
1643
56
1624
1605
1493
130
1586
1638
53
1971
50
1700
1552
57
1677
106
1695
42
101
1605
102
1638
344
1668
1642
91
35
188
98
52
238
1630
1544
60
25
1563
33
1602
31
1522
1565
1611
1704
98
67
1670
1646
302