0
402
382
22
416
382
15
375
394
397
404
397
386
403
37
24
394
24
45
397
380
16
397
400
10
18
388
27
35
40
16
376
11
395
410
415
390
388
14
430
494
636
386
391
403
376
17
410
13
405
403
391
55
387
19
14
392
401
20
10
378
16
26
45
398
30
401
391
371
404
385
391
27
27
379
379
409
19
399
12
387
28
388
26
15
71
365
62
398
30
392
389
388
18
391
13
379
384
378
17
402
381
94
386
399
32
404
367
15
378
24
379
373
379
45
60
379
38
404
26
402
9
14
80
39
11
380
35
404
392
397
21
33
410
383
401
15
387
10
381
406
379
385
406
371
398
394
389
407
18
400
35
377
393
373
26
373
386
374
403
16
409
29
401
19
18
393
406
394
29
405
374
9
18
30
28
396
375
39
386
30
383
380
49
395
42
382
10
411
32
391
36
373
384
374
69
18
378
368
27
386
394
383
17
408
400
60
476
20
431
53
31
379
377
388
399
371
387
380
391
385
369
403
431
409
411
396
71
395
412
10
17
16
382
81
405
412
19
391
416
369
397
381
13
406
391
410
379
374
21
399
375
393
15
406
13
44
375
378
375
18
15
369
16
399
25
407
386
20
375
405
406
12
405
410
393
399
16
379
383
402
376
387
381
377
393
392
28
394
387
401
17
38
27
408
401
32
374
21
382
393
28
379
404
40
10
389
369
385
20
403
391
19
381
377
413
11
402
417
407
395
374
20
378
12
17
16
403
378
382
10
18
388
383
408
405
23
394
402
15
12
401
371
398
406
397
391
10
395
403
382
392
381
385
405
11
385
399
401
368
27
65
25
50
389
379
405
372
38
25
402
387
27
403
411
373
376
382
397
372
17
28
60
22
11
413
34
390
397
11
13
381
379
381
18
381
377
14
381
397
413
17
67
375
15
388
391
403
41
398
379
401
386
18
40
399
403
404
372
10
30
379
17
90
20
413
12
396
388
18
380
10
16
401
388
390
393
399
183
11
385
403
373
39
384
375
398
377
24
10
370
380
386
391
27
381
385
31
17
409
392
101
388
395
461
38
426
20
414
383
45
410
371
395
11
11
400
379
390
45
381
9
380
17
441
420
390
410
399
386
10
410
375
32
12
12
403
387
394
26
376
18
383
89
382
43
42
395
371
390
379
381
11
15
376
11
46
372
400
391
401
387
389
16
382
394
22
378
16
21
397
17
29
379
384
385
370
406
399
36
38
391
9
389
11
17
10
395
379
371
17
410
393
405
380
390
16
377
11
24
36
16
422
47
553
26
434
28
401
19
23
392
400
406
384
44
402
386
385
390
391
399
381
390
388
9
388
404
397
404
10
382
370
409
74
73
483
51
406
397
20
408
367
27
18
371
401
379
370
385
38
18
42
396
384
382
415
11
415
415
388
398
10
18
388
35
373
407
382
400
394
380
22
61
402
18
387
410
390
71
370
402
388
37
416
14
30
12
385
37
391
373
16
378
36
28
401
389
13
26
16
379
384
372
16
402
17
401
392
402
388
398
372
376
369
83
44
395
30
379
389
398
11
386
374
17
395
11
392
72
19
10
9
389
380
17
403
397
17
17
403
390
24
376
33
394
14
374
380
378
379
21
11
367
394
379
396
399
20
373
398
369
18
382
406
369
379
13
381
31
412
35
386
379
400
381
391
376
14
61
34
376
383
382
14
382
399
415
385
401
377
394
17
398
394
46
16
393
39
377
389
28
397
406
15
377
380
29
410
381
14
399
30
399
393
346
391
405
404
413
386
382
13
402
17
11
51
20
382
395
377
407
400
403
14
385
381
389
411
368
380
400
401
406
405
348
401
29
389
12
398
405
378
33
393
38
378
409
379
411
401
409
11
375
381
386
400
405
11
376
66
402
28
381
35
131
21
382
17
393
390
15
402
26
15
88
10
10
401
374
364
380
381
30
401
24
27
386
390
391
11
389
17
398
384
17
365
377
369
349
403
369
17
406
392
402
48
392
109
24
16
387
389
27
17
403
376
21
390
63
406
374
384
372
402
404
63
402
382
16
404
390
412
375
385
17
408
374
378
16
28
378
17
411
52
402
395
369
378
12
371
408
383
433
417
406
76
11
20
400
378
15
401
388
11
390
403
392
399
411
10
374
16
383
374
410
412
406
390
17
406
12
390
118
28
404
402
392
367
372
11
369
401
401
395
372
409
21
11
419
390
38
16
386
24
27
384
406
17
18
402
403
378
387
24
12
48
12
17
401
406
399
371
381
374
394
87
370
400
45
392
370
403
32
400
405
386
377
375
388
402
27
38
387
386
29
382
59
391
386
370
384
45
47
406
46
383
62
394
36
29
396
394
378
18
393
391
381
13
382
15
376
408
385
396
24
413
395
18
372
409
10
30
373
11
391
401
365
399
384
370
9
374
11
28
66
406
27
388
31
376
26
17
397
23
58
493
31
68
383
27
12
39
372
393
403
389
379
399
375
72
386
371
371
410
394
384
402
15
10
20
97
372
408
37
15
17
395
410
387
30
410
380
386
17
406
406
390
376
388
400
10
17
17
393
32
393
403
378
131
401
44
404
17
373
395
393
21
16
389
17
380
382
25
391
11
58
372
29
17
395
395
392
396
401
397
376
403
377
377
11
383
16
13
371
411
29
10
372
380
11
22
60
36
399
14
386
402
59
380
403
391
44
62
374
400
388
12
413
28
29
418
386
17
378
38
28
383
32
394
13
16
382
402
11
407
369
400
10
403
371
400
377
31
370
17
19
30
379
381
35
402
21
389
399
365
401
405
389
383
393
389
380
10
374
391
363
394
17
17
12
400
379
399
32
381
352
380
53
19
382
9
385
371
394
406
60
372
34
375
37
389
395
396
16
27
381
74
26
377
30
384
387
46
20
367
372
388
374
399
11
76
382
405
17
372
370
402
376
378
392
405
381
11
81
381
11
406
372
405
50
22
38
28
387
29
9
385
10
391
402
379
9
407
46
405
376
9
380
40
387
29
385
18
35
16
51
392
18
26
372
397
11
29
398
45
384
393
404
392
9
383
386
17
369
31
382
394
406
378
398
373
84
402
16
370
382
390
404
387
369
383
18
392
11
39
384
10
12
390
375
9
603
396
404
71
11
401
397
380
17
29
407
379
375
11
401
393
388
16
407
62
85
74
391
390
14
401
21
76
373
32
402
395
372
35
13
368
412
12
403
404
16
373
394
16
386
38
390
383
29
382
385
370
404
394
404
16
380
68
379
372
392
397
39
11
404
380
10
415
10
33
12
377
381
399
13
413
44
388
17
400
383
18
30
399
378
367
386
17
384
12
48
380
36
387
30
30
387
400
44
396
380
25
17
406
31
389
16
45
391
41
380
49
390
398
64
383
384
65
27
393
32
10
382
388
398
14
407
389
387
407
31
398
374
388
394
11
371
382
372
17
395
370
33
21
65
48
22
26
378
387
401
366
389
42
378
403
11
25
381
10
16
405
14
412
16
39
400
13
407
400
29
385
389
409
384
406
382
10
379
364
385
380
400
17
408
43
401
9
18
391
400
17
408
24
18
405
14
17
409
379
413
395
393
403
387
389
368
390
17
399
387
21
389
393
18
33
17
382
381
379
386
15
404
31
370
52
390
376
401
387
12
382
18
39
29
368
379
76
35
60
18
21
16
400
414
382
47
376
375
481
487
445
73
428
393
365
72
45
22
390
17
403
382
393
16
44
400
382
27
377
404
397
396
390
16
16
412
398
404
398
386
396
19
382
381
400
32
32
18
389
49
376
10
370
367
12
18
393
392
389
10
18
59
407
400
371
408
403
377
375
371
396
38
381
383
381
393
381
384
370
402
413
403
380
410
396
30
377
17
378
400
387
405
395
396
394
18
378
407
366
29
397
369
403
22
33
26
10
58
379
25
389
384
28
11
375
11
392
369
380
36
370
23
9
409
379
379
44
41
21
402
399
405
11
409
77
33
394
39
386
44
374
391
378
367
16
15
14
394
396
376
397
387
391
17
377
63
387
396
406
384
392
16
388
16
387
43
408
42
385
18
17
404
26
381
400
406
417
430
401
446
71
630
48
397
395
18
386
19
373
403
381
385
376
382
55
26
22
419
377
406
381
378
27
410
9
451
378
395
411
377
395
404
386
123
390
396
376
390
385
17
381
401
11
31
370
370
394
38
399
402
81
17
53
385
398
11
30
387
20
380
388
393
378
401
404
400
390
60
385
381
411
21
18
380
33
28
398
12
379
16
16
64
384
390
17
386
16
397
48
384
403
399
379
401
368
401
382
18
388
16
404
26
70
368
379
42
400
15
62
11
372
17
391
52
377
405
400
12
396
22
31
382
405
16
396
18
36
17
379
373
383
398
409
380
32
14
397
383
15
17
383
28
396
372
381
20
384
400
404
10
17
15
19
20
13
371
397
381
27
16
376
391
389
17
380
393
383
17
341
388
66
400
409
403
10
89
378
375
376
393
397
39
409
10
401
30
374
13
26
20
384
405
38
392
8
370
29
26
388
389
32
374
27
11
379
402
61
29
385
394
369
410
407
19
391
407
379
377
378
386
382
379
391
405
395
395
400
393
16
39
402
16
19
18
13
365
391
398
407
29
374
28
380
14
17
16
16
384
16
15
404
390
384
374
17
30
33
10
12
368
381
399
391
398
382
395
403
385
74
14
9
385
31
403
391
404
18
393
122
386
407
50
396
11
49
38
28
11
398
384
21
387
402
31
12
394
58
400
388
21
375
16
9
66
392
371
404
380
390
403
26
399
27
82
378
21
410
376
385
413
380
75
16
394
10
16
26
388
410
27
408
373
383
390
14
401
38
392
15
11
402
371
10
405
382
39
16
378
398
390
404
9
15
391
16
27
16
20
388
391
400
95
387
407
370
407
380
379
381
406
20
403
409
377
396
396
9
394
72
39
390
401
16
401
22
28
399
401
383
382
379
384
56
16
385
399
11
382
403
374
13
399
23
370
27
22
392
388
384
16
28
369
398
389
17
91
381
391
389
396
72
384
15
411
17
17
406
383
410
379
42
16
11
412
379
372
388
404
380
393
405
394
400
20
17
22
20
14
15
372
403
15
376
397
408
381
359
15
374
376
406
10
370
400
405
395
388
9
9
12
48
99
17
14
409
384
17
385
395
380
13
29
394
31
371
410
26
379
400
43
232
50
369
388
381
397
413
17
38
26
74
383
34
394
15
370
73
46
17
16
406
387
14
25
42
382
386
48
70
15
406
402
384
390
38
17
60
407
378
403
62
398
389
15
399
18
30
382
401
402
12
373
15
399
71
21
372
380
383
377
383
390
378
25
373
49
27
382
382
393
16
410
393
394
30
397
388
394
404
374
394
18
59
378
377
18
81
15
411
28
398
33
383
399
401
114
28
391
26
387
379
22
78
373
18
10
379
18
407
409
23
397
385
18
403
369
43
409
395
404
412
409
372
407
376
403
21
20
390
399
383
407
10
385
393
410
18
402
390
12
393
12
368
10
11
75
403
397
408
11
395
390
17
29
16
403
17
396
410
16
407
398
26
378
83
380
21
415
390
88
381
18
399
21
16
379
28
27
390
389
380
394
38
390
397
411
17
383
10
402
18
396
19
381
405
15
407
388
15
18
384
400
16
390
397
393
379
10
386
16
407
380
385
369
393
410
373
408
378
19
393
386
406
381
397
26
35
377
18
17
10
15
394
408
391
379
43
390
385
394
28
403
405
29
22
9
26
44
398
401
390
369
391
401
378
41
17
38
29
376
395
29
383
17
408
25
394
30
25
16
396
388
58
380
377
386
16
386
373
44
403
410
368
410
388
396
398
10
68
392
376
45
13
375
410
376
28
10
44
10
382
382
18
17
398
402
387
381
406
29
398
29
399
74
37
383
15
373
387
405
371
398
400
392
21
393
423
12
17
399
27
392
393
17
10
16
381
401
17
358
379
373
402
403
404
367
37
33
15
10
29
64
394
375
15
413
369
383
403
391
25
388
401
384
381
394
47
393
377
380
406
17
374
383
395
387
380
391
14
28
376
11
399
21
378
387
17
391
388
405
390
376
146
374
31
18
12
26
371
381
386
16
397
408
380
399
16
32
16
403
402
654
430
402
15
21
23
382
374
406
10
70
30
11
395
379
18
410
10
410
14
408
51
377
370
18
404
405
21
69
402
420
396
25
14
17
10
379
50
380
371
11
377
29
403
72
17
378
27
15
13
389
378
381
394
395
392
38
376
371
29
369
15
406
10
382
403
20
30
380
402
373
377
410
394
394
393
52
401
402
27
400
409
11
386
393
426
368
379
412
28
45
392
370
19
380
25
400
71
375
20
10
402
17
16
378
394
25
396
13
372
373
405
382
23
376
14
10
17
18
16
366
372
381
17
17
17
115
375
369
14
383
378
38
26
397
401
393
405
9
86
392
381
36
384
407
404
377
26
412
397
345
47
17
398
44
390
383
351
31
375
32
377
30
382
14
26
378
379
46
17
382
410
10
401
380
404
378
388
49
16
377
17
396
20
377
400
53
399
389
44
375
52
65
10
24
376
372
377
27
24
390
52
13
397
406
31
374
395
397
55
409
396
82
379
375
15
392
403
48
38
12
12
23
403
411
24
9
16
384
32
130
30
367
372
35
17
43
18
21
21
19
375
404
23
27
14
372
380
16
17
27
403
30
36
21
9
390
402
368
384
387
19
35
401
15
402
395
51
29
43
75
10
390
378
384
384
387
409
11
371
26
391
18
399
373
17
27
44
416
395
30
371
386
408
38
18
400
48
38
385
142
393
10
33
10
394
382
14
17
373
13
374
393
404
388
389
11
391
380
410
400
403
27
386
393
399
73
400
400
397
385
395
18
380
380
36
411
388
387
14
396
409
406
413
25
381
401
17
14
23
46
373
409
32
14
408
375
53
396
385
397
12
379
26
396
383
382
398
386
369
380
23
392
399
384
398
405
35
368
17
376
372
377
399
18
26
15
412
387
404
11
370
386
402
395
13
409
403
18
35
395
49
19
374
384
48
383
397
15
27
412
401
33
26
368
16
34
371
108
402
16
391
399
386
17
27
20
13
411
16
394
411
382
9
29
72
376
390
396
50
395
384
383
399
404
27
26
49
11
389
396
390
372
17
23
403
384
24
414
380
400
408
374
398
375
403
376
11
371
407
393
14
367
392
387
400
407
14
400
17
16
397
380
20
11
18
393
395
17
384
404
405
381
27
374
402
395
410
12
12
391
378
9
399
31
398
384
401
396
19
371
378
374
384
396
377
386
395
25
395
18
64
12
14
387
371
18
19
35
399
20
389
379
35
374
411
398
409
27
138
23
373
374
19
44
406
30
392
381
48
21
398
12
16
409
375
15
19
412
446
620
36
376
401
380
384
26
379
27
16
394
400
379
19
23
378
397
398
379
456
15
80
45
379
19
43
22
408
379
27
375
407
406
385
11
391
391
390
77
9
398
21
399
369
381
9
406
15
17
49
389
37
409
383
387
375
378
415
27
399
390
385
31
387
401
400
397
19
12
20
382
19
387
387
399
406
392
19
90
408
399
17
38
373
382
394
395
15
11
377
397
396
17
379
17
29
379
395
394
86
397
63
14
373
29
83
406
399
11
380
407
389
16
16
406
384
11
386
49
380
17
396
405
385
406
406
33
10
405
10
400
391
385
40
26
22
383
370
26
383
21
382
399
378
108
386
403
24
395
394
381
407
383
12
379
370
377
25
401
14
402
371
386
407
397
43
384
382
20
16
387
396
386
31
12
17
379
52
379
11
380
381
95
96
406
385
394
408
389
380
411
388
372
73
387
412
384
397
385
382
405
388
413
398
17
14
9
377
372
385
403
378
10
412
356
378
375
376
65
39
10
11
378
26
390
405
10
398
395
65
400
391
398
16
20
47
45
392
370
407
396
30
397
367
387
400
395
17
393
373
17
23
395
392
380
383
10
380
17
373
400
18
386
373
17
15
384
406
17
385
28
392
401
405
390
405
398
63
393
385
20
398
370
369
387
11
403
375
370
34
386
409
383
402
379
402
36
386
393
369
408
10
380
16
11
373
387
21
379
27
389
376
22
375
16
360
373
375
62
44
21
11
19
21
391
14
379
27
384
373
387
17
373
35
9
26
28
10
370
371
400
391
11
35
376
378
11
389
18
48
384
22
400
400
398
391
375
14
379
21
16
378
395
364
46
408
15
375
402
26
91
402
392
15
65
397
377
413
15
389
407
45
52
15
37
385
14
37
16
17
376
18
392
85
25
13
16
382
404
47
411
72
26
404
16
52
379
376
405
403
18
376
374
27
375
403
25
19
20
391
12
401
386
397
370
395
396
348
52
405
404
31
385
405
400
395
392
22
19
35
44
378
386
373
389
375
385
59
16
370
409
17
377
387
390
382
17
377
15
402
26
21
375
31
17
394
404
386
401
30
367
16
17
381
20
19
395
383
33
400
384
368
395
21
38
389
17
382
398
380
379
16
373
11
402
398
403
48
69
378
403
365
404
376
382
398
374
402
405
368
17
405
376
393
377
32
10
378
396
381
16
10
385
370
385
30
374
25
11
381
371
93
398
406
533
381
383
396
390
386
87
11
353
381
12
362
73
31
384
373
372
9
385
385
59
372
411
38
383
400
368
375
71
10
396
13
374
370
368
361
46
366
378
359
10
16
16
378
25
26
31
367
392
384
10
362
350
373
9
24
386
17
373
392
10
363
33
30
383
359
71
374
363
378
29
30
16
357
8
24
383
383
378
401
365
10
375
400
384
13
396
9
17
401
391
381
393
380
376
18
68
356
367
10
388
401
17
373
383
36
389
393
24
370
355
376
375
13
358
383
10
406
386
397
399
49
362
390
373
371
367
358
382
379
11
384
378
380
376
355
13
13
355
16
376
386
373
28
370
356
10
360
361
13
372
119
380
353
361
42
384
382
379
71
10
377
375
392
374
374
385
378
368
36
59
31
33
9
364
17
351
361
386
16
10
381
384
10
14
380
362
85
390
365
19
45
401
373
394
384
393
42
10
372
17
9
368
385
383
394
8
384
365
359
395
45
14
368
23
365
388
377
386
382
369
356
398
374
376
352
374
392
369
11
391
382
26
18
364
363
380
20
368
361
13
16
10
380
370
24
12
351
358
372
376
373
351
369
11
373
50
369
26
367
374
376
374
384
389
369
391
377
49
359
27
345
364
358
388
386
84
385
28
367
385
409
403
357
11
387
379
373
391
387
391
32
378
21
388
368
390
16
16
25
367
384
356
382
26
16
369
48
361
27
378
363
369
390
14
375
17
10
35
376
388
354
19
44
16
368
390
15
9
385
372
384
12
400
410
10
393
8
14
20
383
9
10
364
16
383
50
382
380
10
361
392
27
33
11
382
17
366
358
362
390
364
366
378
27
20
373
391
29
369
395
369
395
77
40
11
396
366
23
17
374
28
354
20
379
378
389
378
377
362
388
382
357
9
355
61
375
354
355
394
404
364
10
385
21
70
377
382
377
31
52
36
380
363
388
375
384
369
388
384
376
28
16
25
19
388
382
381
380
10
11
27
378
392
20
385
48
16
364
375
12
382
11
376
47
398
398
37
17
373
402
351
13
358
380
393
41
371
16
393
14
372
366
32
371
42
23
28
11
103
351
8
359
366
394
392
11
403
377
383
9
16
393
377
8
27
379
30
380
21
374
389
388
47
405
397
14
366
390
380
395
386
372
377
17
367
369
24
382
396
12
8
390
407
396
413
48
30
401
16
47
27
406
373
16
387
387
364
383
27
16
364
375
379
23
380
17
369
382
40
512
445
419
390
386
397
363
17
10
63
393
25
388
361
27
390
385
366
389
363
384
19
371
16
26
376
44
10
363
33
390
383
383
63
401
43
21
399
15
384
85
356
363
381
380
360
24
17
17
14
370
9
10
384
30
387
16
18
354
381
68
364
365
401
26
364
29
379
364
369
386
10
356
25
382
367
31
378
373
381
380
411
401
391
379
386
382
27
389
390
17
392
383
16
386
26
367
57
384
25
30
390
18
356
27
362
20
24
387
405
376
42
29
382
9
37
10
31
374
362
23
373
9
354
395
15
46
392
381
351
17
412
137
92
449
424
26
56
375
403
371
387
380
377
369
9
32
27
382
388
16
368
359
378
383
394
370
11
60
364
382
27
384
42
21
28
14
383
372
410
400
384
13
389
16
9
367
384
377
367
372
28
387
17
14
25
10
384
379
396
407
13
379
374
392
13
390
379
359
16
15
357
359
382
367
362
16
16
386
372
383
360
368
387
379
12
364
386
392
366
25
26
364
379
385
387
378
362
386
71
50
29
25
357
377
384
383
381
407
48
24
384
17
14
377
399
353
25
9
368
365
45
16
49
365
26
381
16
408
402
395
28
394
386
17
403
373
25
41
384
12
399
380
10
13
16
361
15
9
381
16
26
38
388
370
15
24
396
389
398
389
48
29
30
21
19
402
372
19
16
358
26
376
15
399
383
414
374
367
347
12
367
29
17
397
56
76
53
51
48
417
400
391
403
431
389
56
421
29
377
384
359
381
382
398
11
386
389
17
360
350
372
385
385
21
393
400
12
48
393
371
383
41
387
30
416
20
388
399
13
17
398
16
377
13
67
381
372
384
10
387
384
48
394
392
406
65
416
371
27
365
335
381
18
399
363
11
378
10
397
11
365
386
23
374
18
388
388
388
14
392
388
16
377
384
404
98
379
40
14
396
365
94
381
19
43
16
395
26
383
25
391
356
377
386
359
370
10
43
398
391
15
390
48
15
355
380
61
360
56
398
382
359
386
10
361
376
356
16
393
374
394
14
27
389
390
382
16
21
362
387
358
374
60
360
380
381
29
391
398
44
397
15
16
391
385
383
391
384
392
16
380
380
371
23
367
380
27
10
397
383
383
401
8
43
381
17
11
405
386
368
14
42
11
385
402
383
368
360
16
68
384
386
376
14
392
366
375
17
14
20
403
392
383
378
11
391
370
384
13
377
387
404
398
15
32
14
392
23
18
386
17
28
79
393
394
435
17
372
32
379
392
390
33
366
360
8
367
20
17
10
25
393
371
383
388
19
403
16
368
27
388
9
11
398
35
403
14
375
42
371
372
353
13
361
10
359
15
376
368
15
371
14
373
28
16
357
368
17
12
391
395
377
404
375
370
16
379
371
15
17
392
36
9
20
10
373
369
381
47
376
373
10
27
365
374
370
408
372
386
384
387
46
388
379
356
388
387
395
371
16
387
395
9
41
368
391
384
25
392
397
390
356
370
358
13
13
397
18
375
10
387
385
8
373
376
402
365
13
370
15
377
33
11
13
9
9
13
91
372
361
353
375
373
559
409
10
373
392
355
364
376
373
79
33
358
39
19
19
31
395
381
372
368
33
390
383
361
372
352
376
15
34
25
354
386
378
35
9
25
372
9
372
376
369
26
362
376
16
396
378
15
378
391
397
17
19
387
25
380
15
388
20
20
46
361
13
16
386
368
396
397
368
354
27
9
46
370
371
30
381
390
20
379
34
374
389
373
376
25
378
382
402
378
394
54
374
360
360
361
16
391
369
375
26
368
11
365
19
10
373
381
358
390
58
387
384
20
374
351
357
385
30
26
385
367
383
51
390
378
70
367
388
389
61
382
369
379
404
366
45
400
26
381
381
400
27
10
49
389
375
373
372
390
38
381
384
43
370
387
395
357
373
365
351
371
368
368
386
16
396
368
11
92
369
397
10
380
384
362
376
351
387
374
372
17
38
354
41
26
388
15
390
364
372
12
355
11
388
366
349
13
16
369
361
374
358
19
374
368
10
359
380
405
399
371
382
380
392
378
17
366
367
30
373
368
369
386
383
356
361
43
387
61
373
380
14
378
18
382
409
390
392
372
15
18
371
61
15
378
58
379
10
384
10
392
20
406
378
405
400
366
15
383
72
371
377
394
381
383
366
58
363
400
18
359
387
370
373
384
388
41
33
389
411
17
16
16
356
38
36
366
37
373
373
374
24
384
370
377
343
16
388
365
368
399
369
11
17
367
369
66
352
372
383
361
37
10
355
14
392
408
379
401
385
49
10
386
40
15
16
98
10
16
349
398
365
367
8
368
373
31
21
390
368
379
371
18
359
402
369
24
45
32
31
390
381
367
369
18
358
11
369
37
20
31
395
17
377
14
382
13
27
368
8
15
10
384
409
386
363
375
15
357
388
367
366
382
37
377
363
384
387
375
378
388
397
374
361
390
381
387
381
17
398
536
35
18
414
10
59
383
369
390
355
10
351
372
366
12
392
365
30
15
16
16
15
36
401
365
371
368
360
415
370
11
16
378
378
397
385
15
11
39
394
28
399
16
390
389
381
355
37
375
49
17
358
14
17
403
57
19
381
385
11
380
366
383
402
380
392
32
389
10
392
355
10
373
397
44
372
384
388
32
21
375
376
11
30
25
352
16
19
45
372
393
31
17
372
11
379
376
379
34
370
384
393
377
25
19
25
18
360
386
23
371
388
361
28
371
23
69
392
380
9
383
27
367
405
10
400
404
371
26
379
368
16
25
358
355
375
354
387
47
11
382
11
372
383
363
368
384
66
362
382
363
381
14
384
374
368
10
28
32
369
10
389
384
27
25
16
10
28
346
17
62
9
364
371
369
42
380
365
370
374
27
361
388
367
381
391
404
407
405
400
15
32
57
380
12
32
369
362
8
380
384
359
373
23
23
392
68
377
387
356
349
385
358
372
394
399
47
34
375
33
367
378
22
399
11
26
403
66
382
26
36
371
381
380
368
11
377
12
68
15
10
363
392
363
71
16
371
10
373
16
369
16
354
353
370
358
8
368
16
19
14
389
383
26
386
382
380
378
38
405
377
398
376
12
354
390
379
420
384
54
10
371
25
381
56
391
45
374
393
374
14
375
391
401
9
41
408
372
26
16
35
381
32
30
390
17
388
400
363
33
127
366
14
22
371
10
375
12
360
9
380
364
353
22
29
373
373
379
17
10
385
17
373
369
14
16
59
359
359
373
380
387
82
15
72
10
376
11
13
16
368
375
377
377
26
395
37
381
357
16
25
30
10
383
384
374
9
387
401
380
44
352
15
17
14
36
25
372
26
358
363
369
39
383
372
388
13
9
44
24
374
386
372
19
10
386
10
383
371
393
14
375
387
383
27
371
16
365
359
373
387
11
391
30
377
392
386
384
372
367
20
388
361
372
362
15
43
371
393
30
388
76
360
381
15
362
33
376
400
376
373
17
26
368
406
376
406
31
404
389
8
369
46
363
395
27
15
367
401
26
403
394
370
17
403
380
19
17
11
397
53
20
358
16
354
17
16
379
366
388
376
15
373
19
12
380
383
390
150
366
364
28
364
367
19
391
361
390
13
14
406
400
14
381
11
372
18
38
416
367
380
375
388
364
379
377
383
107
405
14
377
378
25
368
367
381
376
11
10
403
19
64
20
379
362
358
382
380
377
61
10
17
364
352
376
388
362
367
369
11
362
359
372
372
367
18
15
381
380
15
359
385
25
380
59
360
386
15
357
356
379
367
35
390
44
394
389
377
387
39
386
386
379
34
356
356
48
376
369
384
17
25
11
18
388
26
384
16
369
380
382
378
15
388
385
28
17
388
373
394
380
396
9
389
370
372
16
366
399
30
359
368
359
373
357
358
25
68
368
377
16
26
387
17
371
396
407
382
20
15
364
396
385
18
34
377
368
386
421
9
120
24
401
54
29
16
23
380
362
375
358
371
382
15
371
28
41
366
376
49
370
16
370
367
383
379
63
404
376
381
382
392
604
80
389
391
21
383
382
378
367
372
382
37
27
373
377
380
391
357
11
9
36
9
23
11
393
385
15
45
367
374
386
32
15
395
19
380
16
367
357
9
376
15
15
68
360
383
360
371
363
16
19
372
10
370
24
347
365
370
371
371
387
16
378
402
408
22
374
378
354
389
387
400
395
27
37
17
17
369
390
371
391
36
15
60
362
10
32
361
10
16
382
368
21
37
369
385
20
377
375
397
16
393
399
388
10
16
17
39
15
379
365
382
374
14
58
396
11
29
9
12
364
386
411
392
378
26
396
404
376
385
394
10
377
368
55
400
373
29
374
370
16
367
377
14
362
36
28
17
374
360
374
364
10
398
46
25
370
399
363
388
391
375
382
354
48
386
354
366
357
38
389
377
19
65
391
36
358
361
362
387
11
9
62
16
47
394
371
373
45
380
366
30
10
379
37
350
357
27
10
363
8
23
368
370
18
21
15
17
374
386
413
386
16
378
29
20
367
385
365
389
362
372
357
369
54
372
387
409
401
390
9
10
403
11
372
15
359
374
399
398
378
384
358
382
366
390
16
14
23
383
392
395
360
397
17
371
24
404
404
48
392
373
50
362
357
382
386
26
17
405
392
34
390
15
361
376
368
23
30
70
369
377
71
17
162
373
401
398
372
389
400
31
80
10
17
402
382
384
11
358
375
388
371
375
364
23
365
362
364
68
356
10
373
364
14
25
8
383
26
16
406
367
396
14
369
16
382
14
19
375
360
374
364
381
23
45
378
377
401
18
23
390
383
63
47
28
23
379
62
381
10
366
356
31
385
383
25
382
69
85
16
358
57
383
389
376
72
366
26
377
76
350
378
375
376
364
22
390
10
385
377
381
365
390
392
9
18
9
10
379
50
365
16
18
366
407
400
372
402
379
47
363
380
371
392
384
13
379
26
398
407
365
365
11
380
392
386
389
18
25
17
31
375
383
37
381
385
397
386
387
422
83
490
426
423
411
19
372
377
377
61
383
22
376
356
37
15
372
368
30
378
361
392
24
367
403
377
383
381
380
379
10
10
363
66
18
365
20
19
378
385
356
27
398
386
115
63
14
29
12
10
365
15
365
17
82
391
18
373
20
46
401
26
370
368
17
10
42
14
384
384
20
399
383
384
372
371
367
386
371
370
388
388
366
363
371
376
11
375
16
16
391
403
361
389
20
349
380
395
377
396
388
381
11
30
378
367
372
16
392
385
57
360
362
389
27
17
404
27
375
384
372
387
29
29
61
361
45
387
396
14
371
10
27
364
357
369
17
375
372
367
369
27
393
365
375
388
409
27
400
392
381
14
372
9
358
371
378
399
366
409
379
376
26
32
26
384
380
360
357
367
15
50
395
25
377
392
407
44
395
359
368
386
382
368
394
405
365
57
390
409
51
391
402
11
405
26
371
369
8
357
17
26
26
389
89
381
392
392
20
380
366
28
391
28
16
378
45
28
380
368
26
380
357
378
359
357
361
367
28
10
75
62
379
378
406
378
376
389
26
18
15
34
368
402
366
365
389
369
357
370
363
29
368
378
369
386
10
102
372
16
361
388
370
387
382
356
379
363
372
402
384
382
370
393
30
373
43
353
396
10
374
391
10
15
370
40
60
27
44
15
365
355
368
371
360
383
376
377
31
49
382
393
380
394
9
14
375
17
367
395
381
368
20
353
10
385
363
379
366
369
369
395
72
387
368
375
32
25
361
14
23
377
80
367
47
394
369
17
358
357
10
390
378
42
14
357
391
368
363
36
59
14
16
367
10
18
370
14
400
364
361
357
19
391
389
372
15
399
20
371
380
16
370
35
378
10
363
352
360
13
14
15
360
19
357
390
361
25
10
358
16
28
378
10
20
352
22
361
356
400
378
45
398
17
45
396
385
368
385
20
368
387
355
372
10
372
55
391
392
382
66
390
70
373
17
10
373
394
389
367
26
22
378
26
361
386
17
16
363
363
367
17
36
354
22
373
379
394
365
389
377
354
391
17
390
388
14
386
29
382
377
381
373
21
46
385
372
367
396
13
376
371
373
386
359
35
360
10
361
378
363
359
358
20
31
15
367
396
398
401
14
394
391
366
16
20
10
373
383
28
16
401
379
385
376
366
371
354
358
10
34
27
355
48
387
385
30
11
42
366
86
375
404
22
16
395
379
374
382
370
380
375
386
9
375
84
578
479
23
384
377
373
25
393
390
380
33
56
355
10
22
17
10
368
397
51
390
17
25
9
393
391
48
392
17
390
17
418
31
373
379
384
390
381
15
399
366
360
42
13
356
389
72
17
374
389
30
13
391
372
396
9
374
32
11
31
394
12
395
371
364
386
392
367
353
27
373
359
346
386
16
27
386
392
399
384
394
396
116
365
400
385
15
369
16
361
20
16
377
26
15
52
369
389
372
382
80
356
393
16
366
366
25
23
390
378
370
375
388
17
370
363
388
16
15
10
16
363
384
388
25
9
371
11
384
19
371
379
382
14
378
379
23
375
380
405
52
406
26
398
388
367
379
379
369
19
370
393
377
364
16
372
16
394
394
375
400
10
402
367
27
15
375
403
67
373
375
393
45
402
27
367
21
382
386
363
63
32
362
39
45
13
370
376
11
388
389
387
21
357
370
379
20
365
377
376
384
387
382
107
382
14
380
384
26
358
359
393
382
39
78
378
25
380
358
362
14
375
364
16
359
368
376
30
9
367
374
14
27
383
389
11
375
373
394
388
382
392
363
404
17
31
28
20
20
384
364
385
367
373
364
19
43
372
374
400
394
23
17
76
364
31
36
385
382
391
46
17
359
11
371
40
364
10
23
599
386
402
367
385
10
16
361
379
25
392
370
30
31
402
404
36
400
16
353
374
367
385
369
65
17
393
395
375
389
364
381
17
380
383
366
52
376
15
393
361
26
376
362
351
379
8
366
362
11
17
377
381
377
374
382
10
383
373
412
394
26
372
384
26
26
385
36
9
393
394
389
15
389
16
76
373
386
372
378
35
133
10
16
386
390
30
368
389
17
29
399
372
381
360
48
373
394
25
25
69
355
387
380
367
383
19
58
369
369
390
11
363
16
385
361
14
360
386
30
16
16
362
388
386
398
377
370
48
382
14
381
388
25
25
14
16
364
57
387
354
27
361
29
349
11
368
371
19
10
386
364
62
388
365
400
360
383
349
361
27
368
30
29
11
369
385
385
371
27
387
387
11
366
383
385
399
31
363
366
14
8
14
28
379
364
377
374
374
356
62
359
19
379
398
377
368
388
392
16
32
377
37
392
12
378
386
376
386
14
380
385
11
370
372
376
385
379
376
10
59
373
27
393
383
381
15
363
378
371
360
38
386
379
379
360
369
390
368
9
10
374
379
353
389
376
24
376
8
375
364
10
382
15
379
371
399
17
406
47
394
368
374
41
368
362
386
374
103
389
15
357
15
367
34
30
19
24
8
387
12
379
26
378
27
371
9
383
42
369
372
351
387
384
11
381
402
394
399
398
44
392
29
397
386
376
379
14
406
74
378
409
391
398
384
361
382
23
362
14
369
24
369
368
71
394
354
386
353
36
35
366
16
361
15
392
389
17
389
369
31
364
377
19
371
21
41
15
17
15
370
23
47
13
16
394
38
365
8
11
38
380
401
400
20
403
19
18
397
389
381
29
45
382
376
25
373
363
389
35
381
42
8
19
368
13
10
372
375
24
399
386
23
26
378
377
68
15
395
549
417
410
376
414
379
370
13
377
16
33
11
371
36
13
404
371
371
364
384
369
403
43
17
16
381
376
27
388
374
393
403
12
360
39
11
364
405
369
370
384
394
370
354
26
12
376
9
11
382
389
385
384
402
378
376
374
372
378
17
384
25
384
29
360
20
369
404
402
377
10
46
374
368
400
396
376
396
394
374
387
362
376
386
10
596
386
359
368
373
375
365
370
14
40
405
381
385
378
376
406
15
381
389
382
22
22
366
375
368
27
13
45
41
28
21
17
48
13
374
420
26
69
399
375
48
373
382
417
21
16
43
375
397
365
380
372
11
399
360
28
17
25
360
372
13
393
396
386
15
10
394
16
369
399
408
398
15
386
392
372
371
382
81
369
41
390
377
378
353
9
28
16
360
16
361
396
27
360
43
364
359
38
378
401
367
28
376
353
25
391
43
395
373
392
15
387
16
47
393
388
379
44
36
28
20
380
361
367
361
28
369
388
10
363
375
384
13
374
373
42
52
379
384
370
365
375
15
362
50
30
381
42
15
26
18
375
382
401
377
391
380
382
376
21
376
397
377
377
10
373
365
364
9
379
385
401
18
17
394
43
400
379
389
363
382
48
42
390
371
387
386
371
353
390
405
391
394
385
359
356
375
368
365
381
393
10
383
379
15
363
13
369
351
373
386
79
368
367
377
363
45
371
402
25
384
396
17
384
27
14
35
10
16
385
384
19
16
10
381
381
26
45
9
27
375
361
353
380
17
16
21
15
372
371
10
385
10
390
376
389
366
10
33
359
367
43
381
8
366
14
373
23
368
382
389
384
362
376
385
17
14
28
351
360
382
41
35
386
386
18
9
16
367
359
25
379
15
383
395
387
24
368
16
20
361
54
402
386
25
388
389
388
16
76
379
17
379
381
41
377
393
395
42
369
385
9
44
30
553
41
29
17
32
411
406
64
375
44
45
404
9
384
29
385
16
29
398
373
365
36
378
386
380
379
355
43
353
374
405
407
26
375
383
387
409
390
9
17
354
17
14
363
8
389
21
10
383
16
357
382
357
28
38
16
373
9
18
37
382
394
387
386
59
376
385
15
376
396
381
13
404
18
362
376
29
364
356
40
23
19
51
53
29
396
384
389
16
26
415
91
369
370
411
10
16
20
24
379
384
377
24
363
363
68
382
392
382
10
380
360
386
21
27
19
392
76
364
10
379
369
10
368
13
377
379
15
380
17
26
387
16
359
375
364
390
49
392
363
375
390
395
15
25
366
10
385
360
27
356
15
377
372
391
386
44
381
373
357
372
386
19
372
371
165
374
381
370
10
16
394
387
391
384
24
30
353
395
364
29
394
20
36
91
44
378
14
376
384
384
355
360
370
13
26
17
16
361
367
26
374
387
374
359
373
36
367
382
371
368
392
383
40
398
394
369
39
382
399
43
18
378
75
375
373
377
375
390
388
361
382
374
358
362
365
371
365
378
373
372
17
397
393
403
385
9
366
391
10
353
28
365
354
383
15
340
37
389
380
389
11
361
52
10
383
378
379
21
15
360
15
372
381
26
374
393
28
366
25
387
377
384
15
28
375
384
9
360
72
390
383
14
26
397
35
395
400
403
369
23
394
395
30
394
16
16
366
70
19
371
57
397
376
365
392
10
392
85
369
391
44
355
61
71
402
395
16
366
366
369
375
10
368
368
390
10
393
367
366
10
49
388
20
360
384
378
370
360
19
373
83
18
393
369
375
11
399
58
37
407
68
380
27
383
378
390
401
16
390
12
394
29
381
373
11
10
374
377
11
371
16
392
26
358
13
364
61
14
386
383
27
17
395
413
380
363
372
365
357
60
381
388
28
362
379
399
383
21
25
398
358
386
382
13
21
393
384
384
38
16
400
387
384
393
392
357
27
371
366
72
373
379
378
358
383
361
17
400
16
372
377
382
24
10
352
373
359
364
10
357
365
387
378
16
371
366
395
369
383
19
10
391
16
386
391
11
372
46
359
68
381
382
372
380
385
382
363
378
390
42
374
370
372
25
383
17
27
393
391
17
380
400
364
366
391
392
391
367
13
389
384
377
30
370
368
358
20
29
359
17
18
29
51
16
378
10
41
371
384
361
364
386
20
8
19
38
386
19
366
16
396
359
382
378
95
18
368
384
17
473
554
410
408
369
19
32
388
399
385
398
41
390
350
376
403
51
397
388
10
395
389
409
29
384
16
389
382
36
399
373
366
33
403
401
396
366
392
37
362
359
389
10
376
372
396
32
402
400
366
388
375
62
365
381
33
15
16
384
17
365
18
367
374
385
17
384
368
69
379
372
398
18
382
373
17
361
395
374
15
13
10
373
9
8
363
11
369
44
43
45
357
9
378
26
364
381
20
354
10
359
402
11
10
10
390
16
368
396
384
391
388
22
17
387
384
17
396
391
367
386
381
376
385
360
10
36
10
16
381
71
43
22
392
390
16
37
368
358
18
364
381
67
372
357
383
364
402
16
357
52
393
400
18
38
378
369
23
397
391
359
373
376
379
388
41
10
376
374
20
26
390
397
10
14
14
398
401
17
38
371
16
367
16
375
384
11
58
10
403
36
378
17
378
374
354
384
398
379
361
367
371
10
376
378
368
358
17
327
28
371
9
366
372
396
17
20
9
49
372
388
90
397
396
15
366
21
18
386
365
34
384
361
397
11
21
11
402
25
395
17
395
379
103
359
360
363
378
80
369
53
365
18
27
377
31
371
362
388
16
15
350
369
370
374
384
359
390
381
383
15
24
362
37
71
367
21
18
387
370
393
386
369
33
373
29
380
17
363
67
10
18
387
46
353
369
28
375
364
385
30
352
363
367
368
35
370
381
23
377
388
380
379
16
356
13
363
390
355
369
366
358
9
372
382
379
12
10
17
65
97
17
383
397
371
370
17
11
403
16
65
385
29
11
400
393
403
396
26
387
386
30
377
404
17
374
399
25
381
18
393
13
377
392
27
386
358
365
370
377
370
16
393
371
382
385
372
392
390
14
384
392
389
381
34
20
15
377
385
365
384
12
401
382
375
16
387
27
367
388
383
351
8
379
11
12
18
23
35
365
25
385
360
371
356
386
368
397
358
35
379
390
56
384
27
26
394
377
376
114
387
350
375
24
125
372
16
387
13
394
31
43
387
11
408
18
369
377
356
399
394
56
38
390
368
391
11
14
19
386
370
15
14
397
374
26
371
378
10
354
389
373
15
377
14
373
388
16
386
400
373
375
14
17
374
20
382
374
383
16
361
381
379
335
41
384
384
46
380
387
14
368
396
396
18
391
28
378
385
389
359
382
371
402
391
395
382
31
376
28
407
17
401
373
395
395
370
373
371
357
366
369
16
383
368
393
368
454
44
449
454
32
522
466
510
413
16
374
373
384
396
405
373
393
392
9
385
16
393
363
58
12
373
403
402
442
464
396
34
386
70
384
383
16
386
377
386
396
387
359
391
36
35
25
388
25
358
14
34
10
16
362
42
380
400
11
367
11
86
46
373
17
372
9
374
386
393
402
368
401
402
382
18
402
18
393
14
382
377
395
397
375
397
377
371
385
392
399
27
9
361
389
29
366
378
11
374
25
45
383
394
369
371
366
10
371
14
370
388
380
375
353
15
371
365
362
363
15
384
16
32
15
363
363
377
378
388
364
360
10
369
372
380
386
34
15
16
388
386
399
105
14
375
11
367
383
387
373
352
370
359
17
387
393
15
371
15
10
381
389
373
14
387
359
11
360
372
67
17
17
385
379
368
14
10
368
16
373
408
49
386
14
365
399
399
389
392
358
26
383
28
377
9
389
353
31
410
379
15
362
16
25
360
388
387
386
383
20
367
21
359
394
19
387
386
20
364
34
370
378
378
35
27
393
371
390
12
397
397
13
35
16
13
72
382
402
32
386
30
16
10
364
349
386
16
369
357
392
374
22
386
26
373
394
9
369
81
31
392
24
10
358
387
358
402
9
391
27
12
362
381
408
368
372
26
18
382
364
16
16
386
384
387
385
380
9
368
17
15
363
67
384
374
363
373
25
378
381
377
17
28
391
16
11
371
393
14
388
394
392
20
38
17
385
15
361
16
373
17
352
387
387
16
23
17
30
15
398
42
349
381
10
352
371
69
29
390
15
378
376
400
372
381
9
17
10
29
385
394
393
374
114
46
16
359
392
18
378
388
25
19
405
13
385
361
394
16
361
360
378
16
373
29
363
384
384
367
13
364
11
393
370
369
400
413
17
15
362
386
357
389
378
13
29
391
362
15
389
361
20
30
372
390
32
100
372
371
381
364
391
365
356
366
16
15
383
360
379
364
24
17
387
371
355
393
400
370
386
10
390
16
10
87
19
15
390
392
384
16
386
15
15
13
366
382
24
361
14
10
359
10
30
369
378
15
367
15
375
370
357
385
394
71
364
368
10
379
404
16
17
16
380
16
375
372
372
388
24
363
375
42
374
392
374
372
388
353
387
28
11
368
385
11
372
9
370
16
377
16
386
402
384
24
355
368
357
369
43
36
9
362
385
379
384
12
16
382
19
16
339
372
13
16
366
11
72
385
28
384
33
27
26
369
366
372
12
378
388
368
14
384
378
381
29
418
32
40
97
528
476
460
437
404
26
395
393
394
370
390
20
33
398
11
379
400
30
18
401
11
388
380
19
438
24
390
388
406
402
401
38
386
379
372
18
10
41
366
361
398
382
380
11
54
389
381
395
381
58
26
364
394
390
376
383
16
383
386
375
377
378
365
362
15
371
46
10
103
366
88
16
394
387
16
392
398
13
370
14
376
18
394
393
371
368
395
368
397
373
26
371
364
23
22
397
402
390
28
371
385
379
28
364
403
390
9
380
372
392
385
16
26
58
374
25
9
30
370
378
360
387
19
29
30
26
15
16
387
365
385
358
45
8
45
393
13
364
377
9
28
20
371
380
388
372
389
371
367
405
32
393
388
379
14
391
12
13
365
33
372
389
361
71
20
384
374
380
13
27
17
8
380
384
31
17
361
369
19
381
353
367
401
21
364
374
395
10
16
10
374
379
15
388
36
385
378
19
384
17
364
406
10
384
385
17
35
359
398
386
376
404
26
376
376
24
14
41
11
15
361
17
20
370