0
1085
1018
994
26
974
28
1038
1055
27
983
24
86
159
1033
1047
944
29
1014
1033
1040
1003
1086
1036
1092
1055
31
1005
33
1026
1047
1001
936
958
1063
1009
1016
1043
1052
1029
1017
1007
1029
35
1081
1075
1092
24
1029
1073
30
983
1010
1000
1050
76
1012
47
1040
991
59
21
27
1002
28
1021
32
24
1039
1013
1078
952
1099
962
1000
970
44
146
1003
1006
982
29
1020
1045
21
1018
33
1001
33
1013
933
995
1055
27
30
1027
1008
962
945
990
21
1045
20
32
947
969
1422
81
34
33
1047
40
22
39
23
1002
63
1024
1057
50
1154
1121
90
24
81
33
28
1008
21
1144
1023
1127
156
1028
1066
53
956
1050
1049
1030
46
21
1068
1000
970
938
976
980
82
999
1160
1553
1215
27
1107
145
28
1062
24
1314
1108
130
1052
1052
94
33
1017
26
55
998
983
965
28
980
25
1058
967
981
1010
993
42
77
25
990
34
1015
22
984
948
927
1042
1012
930
1034
967
1028
993
26
38
1068
28
30
29
999
1148
1046
35
27
1060
961
1133
1023
1065
959
34
942
1043
1080
1058
30
1070
1043
28
1024
41
82
1003
1034
80
1001
21
21
125
977
941
22
1008
1067
1089
53
974
1021
35
992
93
1110
28
956
1022
1369
62
84
1088
38
1094
1009
1028
1012
73
1033
201
1012
968
1009
46
35
1086
1008
97
1054
1034
994
999
1054
1054
972
24
23
943
1078
25
35
1036
1038
1038
29
112
33
997
33
1053
991
1038
975
994
1051
981
21
1050
31
1050
991
1051
1069
1022
30
45
1032
1036
37
970
998
1083
29
42
1031
969
1039
1071
996
1074
934
1155
979
983
933
1002
1024
71
1012
44
23
27
44
24
49
1143
1068
1014
34
1064
32
34
1019
20
951
85
1012
30
974
23
28
1061
982
1016
1047
33
1025
1052
23
28
75
947
928
979
1030
32
30
1020
1021
1012
921
1176
1780
71
1144
1097
33
1184
1156
50
1088
1024
31
26
1185
1029
1071
114
1020
34
1020
49
68
954
46
1016
27
52
1054
73
953
1068
979
979
924
26
1021
27
954
1059
68
144
1039
1098
1021
973
997
29
21
1017
1018
973
1046
23
934
996
992
1090
1049
1079
931
949
1098
956
996
1039
969
994
61
39
1120
34
1024
1044
996
1016
63
970
951
957
28
974
988
23
23
994
30
25
1065
939
974
1010
1027
1049
24
33
1051
973
965
59
932
1028
991
1028
1321
1148
1074
1041
278
1056
1011
1079
1007
968
993
1041
1017
1003
59
986
48
26
932
30
982
963
159
986
1009
24
1001
1015
1006
76
1048
109
36
71
75
1222
1158
31
1051
962
31
994
108
37
971
1026
965
29
1033
986
34
955
964
980
111
1016
1002
39
28
962
27
987
1028
1015
20
35
1051
978
44
1000
953
988
25
1004
22
976
1072
1128
23
1073
1048
1100
33
1051
67
1002
1100
22
30
1052
44
1028
68
40
1032
21
965
29
1080
1001
32
990
57
1043
1053
1029
28
1066
48
33
1025
26
1022
986
976
1098
30
1056
1022
1059
988
924
1063
29
27
954
990
963
23
82
21
989
28
73
986
29
28
1010
32
960
1004
1011
25
29
973
1069
86
21
126
28
956
991
1003
23
19
955
1040
23
995
33
979
1036
1027
985
26
1018
983
33
53
50
35
59
950
986
23
29
33
996
27
1088
20
979
74
42
1050
27
39
882
1025
930
1009
33
28
972
1045
44
64
54
21
32
1054
1017
993
1011
1025
28
947
915
23
995
941
27
1019
29
1015
1028
1035
979
1102
1066
1018
997
28
28
25
995
1018
1033
1004
31
1081
56
39
63
1647
997
53
1017
1016
1016
36
996
973
68
975
1228
1193
960
990
985
36
35
1023
1024
1022
1057
980
1011
998
936
936
1000
139
24
977
935
29
987
28
921
1023
1072
25
991
961
1027
24
1034
1005
971
136
939
1002
33
927
27
24
1003
1002
31
21
979
954
1153
30
995
25
1081
1022
65
1025
1056
1085
993
947
1007
984
1017
1061
1055
1076
1005
23
972
1037
1010
24
21
1008
1022
21
73
946
27
954
933
28
948
983
21
966
1030
1018
212
1015
55
24
1041
966
985
959
32
957
1043
1069
1029
1082
1069
938
996
982
21
23
37
1011
39
954
29
973
28
930
1090
29
1050
1014
1034
973
982
27
992
976
991
34
926
1057
1025
1046
1015
31
24
31
996
1010
23
59
44
1056
30
1050
944
984
917
1063
1021
1035
1043
21
956
46
941
23
965
978
1036
40
43
20
1049
1088
1035
1017
984
31
29
1001
921
28
27
28
958
951
1000
58
1062
1449
24
35
955
1015
937
1054
1025
1010
37
30
934
1058
933
1000
1032
44
25
24
997
969
1013
989
30
1029
943
1047
1045
985
948
44
21
1046
1016
1009
954
27
44
43
1032
97
1024
981
1030
1026
986
983
41
1089
29
1011
1015
21
45
58
75
968
1004
996
962
986
995
36
922
1015
970
31
1034
972
59
111
1012
1060
1078
29
25
24
23
23
30
951
923
38
962
63
111
928
28
938
995
938
42
967
1086
1045
21
995
28
1048
1331
1061
78
1000
26
45
22
32
1033
1008
31
27
968
32
978
26
79
973
21
997
30
70
950
921
958
930
1014
975
1013
1062
34
1032
1037
1009
23
20
988
285
965
1037
998
1068
995
1031
163
26
1034
29
1000
935
1031
1039
1032
1022
29
1042
43
83
35
1037
956
1048
942
1038
30
1073
1016
1070
20
29
1075
24
20
957
994
1039
35
1052
21
1006
985
991
1019
1051
29
977
1100
1016
1023
1049
21
23
73
34
979
29
24
30
1031
965
1091
1016
70
132
30
1084
1043
1064
944
112
53
985
38
966
945
21
1087
24
25
21
42
1093
996
989
1050
29
1067
1012
984
1000
1027
1065
1011
1040
1014
961
978
997
1034
30
928
32
53
1039
28
935
1023
987
973
1100
1053
36
1042
1065
45
948
1051
998
25
1055
992
1008
42
1001
29
1040
37
962
166
1700
1025
1049
1059
933
243
37
936
1012
989
1064
1084
1013
1046
1039
988
1054
1021
1063
29
931
25
29
22
943
31
982
25
974
1002
31
34
48
1002
1039
1020
29
22
26
1092
1010
187
974
980
1023
1089
24
94
1007
1046
940
1045
1008
27
948
1043
20
1018
952
26
1008
1085
59
1002
1009
28
23
1019
972
983
20
1004
1034
1004
996
224
994
29
922
1014
996
21
1025
1056
26
27
970
942
1045
1076
1002
1012
33
45
44
27
94
21
20
982
999
1046
950
959
59
38
1075
1012
985
1057
1061
36
111
1092
1007
1043
29
156
1041
1016
998
960
28
32
67
1094
1696
40
32
1019
1041
51
1008
1014
1074
1014
28
34
961
1112
25
1037
1095
50
24
26
1033
1044
1037
36
51
1000
952
949
978
76
43
23
980
1063
44
23
23
1081
61
63
958
28
77
1031
963
33
1001
1039
49
1001
30
20
982
60
1050
963
944
943
1066
33
995
1064
28
1005
1053
968
998
1035
997
1059
978
44
78
33
1006
989
971
1009
1037
24
35
29
1051
72
34
1001
28
921
925
966
1069
941
944
973
46
1012
1052
35
27
970
931
1020
964
1030
1011
987
22
949
920
1061
963
24
85
1028
28
25
972
1055
55
1044
1006
1070
21
38
1009
1029
996
64
1021
85
1004
156
935
1040
993
956
952
28
1050
28
30
1721
1072
1034
946
1004
996
1003
29
985
1086
1068
1041
28
23
979
56
1088
1011
30
29
1029
1043
930
1010
29
955
23
32
1049
1137
1021
21
28
990
1017
31
72
1057
1040
24
992
24
57
1002
24
44
1050
35
27
28
988
975
1019
985
29
23
1046
1000
966
978
30
1032
984
971
29
1037
27
993
27
75
39
1053
28
993
1003
958
1059
918
1026
1201
1002
1001
54
25
27
1051
960
944
50
969
28
1001
1000
1061
1114
996
981
1006
1014
1144
58
28
1164
45
1131
25
25
1068
46
75
1033
33
1139
48
1052
1078
31
1084
35
129
1375
1558
42
49
51
1266
120
1379
27
97
1322
58
1185
1162
1040
1065
31
24
22
41
29
41
962
26
996
1008
1010
57
1044
24
1037
38
1091
1616
103
1283
30
1273
42
48
46
34
33
1188
1087
1135
25
1121
47
28
49
1468
1300
1281
1035
22
1060
44
1093
1041
29
1045
1191
1078
162
46
36
1092
1167
1132
22
1093
66
1044
1130
47
40
1177
992
28
66
1068
134
32
1032
36
23
979
35
977
31
33
28
22
903
29
983
28
956
1079
49
969
1088
1061
1074
1130
122
1544
1144
1234
1017
1121
1073
1005
1002
1024
96
968
51
1102
31
964
1008
34
1020
66
129
964
927
45
1015
34
1133
1024
1051
110
1024
31
925
922
1045
939
1002
1104
1213
1126
1149
32
41
1107
1189
50
1547
46
1072
960
48
1016
1080
1058
37
982
1012
1083
33
1008
1075
1002
1047
1019
1123
828
1067
973
23
1014
990
940
941
1049
1011
1099
988
1144
1002
31
29
1030
23
1012
18
23
32
1034
1051
27
1005
977
59
963
49
23
1024
1057
154
64
979
34
1054
1035
985
1120
22
1003
983
981
1096
78
1092
32
1046
1010
22
1106
941
24
71
994
1036
1052
1071
959
33
1014
949
938
35
1004
20
29
986
32
931
1204
126
87
997
991
1027
35
1063
1034
972
995
1013
969
34
1011
943
24
1048
979
972
36
103
947
1065
45
990
34
1039
75
1103
1039
67
1156
1007
1048
972
1064
1093
47
24
33
37
1021
28
1149
1073
1034
106
50
118
937
30
46
1019
943
111
944
1084
28
36
44
943
983
92
1124
19
1292
25
63
1199
1028
1014
65
1234
33
1054
1192
34
26
1170
25
48
1073
41
29
1172
1051
121
235
27
1269
54
1311
1018
29
921
23
963
977
48
28
28
920
1009
1052
966
979
1037
24
986
1017
1004
979
934
956
22
952
1008
34
954
24
926
995
996
89
23
51
1073
1015
21
23
947
23
1030
1038
67
42
998
31
21
995
988
1018
1015
923
40
73
39
93
1014
1049
1028
1009
1080
25
28
1093
1019
25
22
51
40
972
946
1076
1017
935
1001
1071
1017
1056
50
31
1017
1024
42
1064
43
1011
1044
1030
33
25
21
29
43
1048
970
987
1115
1816
1366
1117
989
30
971
37
1041
966
1129
1054
225
1198
24
25
29
1201
1216
37
973
1019
990
31
1006
1017
30
88
79
20
1076
32
20
45
984
1011
1023
33
975
28
60
24
984
1082
1045
1010
979
24
1061
1010
1054
998
21
29
68
977
1027
30
968
22
1097
46
75
68
1020
44
1001
29
29
34
1013
27
934
43
27
972
947
1031
970
932
934
1016
22
89
220
39
1030
23
944
984
960
1003
31
968
930
979
984
982
30
31
969
1063
1085
969
1088
1032
156
977
27
993
971
996
25
23
1011
1012
56
1032
1011
31
23
29
1074
29
990
975
33
65
156
997
1046
28
1066
109
36
938
47
46
38
1007
974
956
1041
1012
923
919
984
945
984
1002
64
962
1057
24
962
56
1018
980
947
956
1110
31
988
34
95
986
28
108
952
957
962
1073
26
1005
22
37
1062
28
1013
29
978
975
43
108
960
1031
21
973
1014
27
999
976
959
995
1004
29
948
923
1046
931
1037
975
41
992
1048
25
1020
980
173
1085
1077
974
1076
32
1147
33
978
997
1013
1002
1058
1059
30
1035
29
24
1029
37
55
947
23
24
24
38
953
57
71
972
996
44
27
945
1095
32
1030
1729
57
32
995
1008
35
1003
963
28
139
978
1006
973
1106
1066
1037
945
1345
1064
1016
44
1053
69
954
994
992
1016
25
933
1087
34
1019
29
1049
988
34
1002
936
988
1059
1062
70
21
942
1029
29
955
963
994
980
37
960
950
1018
1028
43
1061
21
104
964
923
25
33
51
1011
1031
933
945
25
937
48
1000
23
921
29
921
1060
1029
996
1003
34
22
38
1024
131
32
57
1012
30
1617
1277
1061
30
112
1089
25
1042
1109
1074
1155
1057
1032
1089
1012
46
37
1040
937
1054
1039
119
87
1090
1079
47
31
1225
22
1182
23
30
1017
950
26
989
44
68
966
1167
1141
32
55
81
32
1030
36
1069
32
1036
56
47
950
990
34
28
1014
22
36
985
942
153
1059
26
31
1138
21
975
23
1104
49
24
1006
972
25
1015
21
1031
1009
1142
1472
51
1535
26
35
28
77
1038
35
1262
1124
31
1070
1093
1057
30
1016
980
1027
1101
42
1091
34
26
1017
76
23
1149
1097
1020
22
1054
20
1035
989
1032
30
40
923
961
32
931
62
45
23
1023
981
1227
82
34
1028
88
976
1113
23
21
45
1064
1075
1128
24
1033
27
954
1099
28
959
1177
1429
1172
25
970
986
99
22
1073
992
1073
35
83
1200
71
42
1031
1088
95
1062
1061
32
1027
26
26
29
1022
999
1019
45
955
934
1526
1303
1117
35
1035
1018
31
75
21
1055
1038
35
1014
1247
1128
1082
1062
1031
1055
82
951
1004
1018
40
35
1026
79
1027
1015
968
26
28
960
30
35
1027
986
989
1056
115
54
992
124
1007
997
35
1038
957
951
994
941
1002
956
39
35
999
1089
1084
956
1067
39
1045
38
999
1041
1100
1083
999
1001
109
1006
28
1042
94
952
32
988
1091
29
973
25
1012
1004
925
1011
56
1027
28
21
981
990
1067
34
26
1031
975
1055
155
1030
998
1070
1074
1068
33
34
69
1097
964
1011
998
29
1014
31
1030
1030
1039
956
32
1042
1033
1080
1003
1012
998
56
1051
1082
1036
1018
1041
50
946
51
945
979
31
1017
999
1011
27
30
24
986
1008
21
989
999
52
1000
21
108
1078
993
980
971
933
1021
1000
30
991
1058
1126
1053
1019
190
1033
1079
950
52
1000
957
57
1092
32
23
28
20
981
1036
982
41
110
30
33
27
45
1061
28
63
30
979
947
934
93
926
979
994
1032
1085
1025
1034
969
920
26
80
975
1061
948
993
55
1064
924
1048
24
96
993
49
969
991
1010
33
43
29
1014
986
1076
1045
1021
34
1059
25
61
982
1003
985
992
1019
1013
50
34
30
1013
48
47
978
1003
1065
1076
210
986
31
1006
997
1058
999
868
1082
1065
1024
80
1061
958
963
22
26
922
980
24
947
44
1053
26
964
956
32
142
48
66
54
1021
23
1035
946
25
1014
32
1056
59
33
963
46
34
34
1019
944
75
961
1088
1032
1022
1030
990
953
983
68
985
19
20
1025
1004
1020
998
974
33
22
22
1001
45
1018
1012
1067
1048
989
29
108
30
25
1089
942
932
34
951
982
128
1036
997
32
1029
40
35
30
1054
44
45
975
991
983
32
978
37
977
1106
951
23
992
21
946
1020
70
170
87
1014
28
28
983
1047
1033
45
33
1009
1045
1046
983
96
104
1037
148
30
1004
56
1054
954
29
1048
30
45
1038
1050
36
1050
963
1061
1070
985
30
982
18
28
207
48
43
1044
1025
24
71
1047
23
1022
44
32
33
1053
941
29
33
29
27
1057
73
975
934
1031
33
47
67
1054
1004
27
24
1000
969
1047
29
987
44
33
28
1008
108
1048
1030
56
961
33
991
85
921
29
1030
1007
1011
966
1047
992
29
979
26
1029
30
21
973
1030
961
978
43
30
979
21
104
43
1059
1010
967
1013
45
1014
956
961
115
66
953
1010
987
33
1011
1011
999
1023
24
947
977
33
28
24
1079
954
30
943
64
940
996
70
27
948
69
970
1013
1001
1048
33
969
1261
62
30
36
1113
37
36
54
989
1039
22
1048
975
31
54
1146
21
1002
27
1092
34
25
77
26
1064
1046
961
21
988
963
20
52
69
34
1023
980
32
990
977
1034
71
1062
30
963
951
952
1064
31
28
1028
35
28
956
997
1030
1029
1052
1013
1044
1082
1014
966
1031
1052
969
50
950
1029
1046
1002
72
103
31
1035
27
1038
98
71
60
1514
33
987
100
28
970
30
26
962
1045
44
1024
1007
1054
70
33
48
1074
1028
32
1016
1027
1092
1039
24
980
1033
963
46
110
28
1065
969
1039
1049
989
110
46
22
989
1070
1118
1027
1143
1088
976
1032
39
55
1049
29
29
1026
993
1018
955
32
1048
77
23
1048
1073
957
1048
1030
950
1044
993
945
67
999
1085
1210
1037
942
1075
1069
26
1004
987
33
1049
74
54
998
47
946
975
36
1091
998
30
1018
990
1001
970
153
938
22
123
49
997
1083
34
64
48
114
961
29
1013
983
1054
1037
193
53
1021
1032
21
57
52
23
25
1190
1522
30
1049
34
1050
959
986
1019
31
985
1028
920
931
34
978
1040
1078
51
1066
41
46
1023
993
972
1014
1066
1000
1060
29
1037
980
987
932
27
1006
980
22
1036
28
995
1110
1024
1021
30
925
984
987
24
24
1045
73
22
48
1062
63
44
146
33
983
1220
1906
39
1360
36
33
1174
1000
1013
956
75
1043
31
1116
1069
63
65
1321
46
1174
31
1008
1055
927
974
1038
1011
1024
1013
977
88
1185
1047
986
36
1006
949
27
29
970
55
993
998
987
993
46
1031
152
1006
961
21
929
999
1089
1058
1069
1135
32
1041
935
26
983
20
937
1008
982
987
1031
1122
1076
1107
1105
24
1220
32
1194
71
88
1120
92
1116
29
1131
1026
35
31
1018
147
25
1054
1080
1019
109
88
25
1024
32
1029
993
1051
30
22
28
970
71
20
27
1006
1054
982
65
1098
943
85
1055
1030
1055
26
49
20
1039
1057
990
1104
1056
77
1061
940
1029
191
30
39
1025
1137
964
1018
41
1116
20
30
1032
1411
158
1423
949
52
1289
44
33
1079
1138
1053
32
1030
27
1021
1110
1037
980
27
952
1001
1025
944
24
24
20
23
983
1023
25
984
949
1120
1049
1019
29
967
28
1096
1036
1021
1054
1075
957
21
25
1062
975
986
1025
29
21
1006
962
1069
1002
956
27
1063
20
1016
28
983
991
32
22
1070
43
972
41
1044
1033
994
1084
990
25
1030
1037
945
29
153
1003
22
1005
1038
31
1040
31
157
94
1095
34
1001
953
1030
936
23
1152
1020
25
1720
1716
1547
86
1362
53
1222
33
37
1115
25
1024
27
1037
1042
32
1193
33
1117
1197
35
983
33
973
1028
1072
1043
1007
31
1018
35
33
967
1053
27
969
1060
32
1022
1017
23
34
1057
1024
1068
992
1024
34
25
35
32
991
1082
30
1112
1003
974
965
978
1018
55
45
44
1051
58
25
1055
1010
940
1000
1021
995
28
1049
1018
29
1045
1001
1032
1014
74
1039
946
1078
33
1046
55
1024
76
28
970
1058
1023
1058
42
1525
1397
54
36
1083
990
1089
55
1008
36
1117
27
1127
21
1107
31
21
998
1098
1137
29
33
32
1078
1113
1084
221
968
1089
22
24
1038
1038
62
1082
968
1101
1158
132
968
1001
25
1040
1469
1353
1112
1174
51
1033
1045
955
1060
80
1076
1166
1139
34
1001
39
1052
1011
940
24
980
151
1029
35
37
21
89
988
956
1058
38
1019
90
24
29
976
30
1018
35
1094
1084
1008
1030
1005
1035
28
41
31
1009
1035
74
1003
1054
37
1026
1130
132
1002
1103
129
1044
986
1158
39
1061
1020
1052
32
22
1015
995
32
953
29
979
1049
20
1012
33
25
1025
930
1009
48
963
1140
29
1009
76
23
37
32
108
937
27
938
33
1036
930
1070
30
1005
23
994
1008
19
20
33
1035
25
1012
31
981
1033
932
101
42
1015
80
1118
976
1034
23
1092
1081
32
27
1030
26
1679
1559
1365
33
1102
1039
1038
1062
945
961
990
970
33
978
946
951
24
30
1032
1037
45
1021
33
1073
1003
992
31
33
983
21
980
996
1066
1004
1103
1006
964
967
1369
24
28
1046
1196
1068
997
1019
1036
1039
1059
38
993
105
1061
24
1040
27
24
1635
143
178
1381
1495
1511
1114
1224
1601
86
91
1146
1066
29
1079
37
1172
1145
22
944
24
1055
32
1091
30
36
23
1049
23
31
992
971
1099
1061
977
1273
1156
1221
1048
1024
28
33
998
31
1083
1006
1053
947
1043
24
33
1010
1099
1298
1384
1098
950
60
1042
1037
21
1100
977
84
1107
53
1249
25
33
1178
69
25
1187
37
1062
1076
1491
87
1343
1296
1262
1290
1291
969
1044
969
1023
56
978
30
1078
30
1050
1006
999
81
27
29
31
1015
1057
22
67
1125
51
24
34
61
54
1008
75
1004
1082
27
976
982
967
1079
1382
1036
36
34
28
957
992
51
1022
1039
1068
30
32
26
986
24
1021
1010
55
34
970
69
1036
27
64
1060
36
21
30
988
992
1051
944
1065
999
34
926
1031
23
1052
974
56
980
984
25
48
26
1005
34
45
926
28
27
1005
26
1094
1105
1074
963
1041
1053
1053
31
1021
42
35
30
972
24
24
1005
986
1065
958
1012
44
67
994
984
1027
999
972
53
949
1022
998
970
971
1037
1060
23
48
25
1148
1047
1127
1066
1021
1033
31
86
990
1071
1113
1545
1290
198
1015
29
1098
1016
1058
1098
1074
1050
1433
33
35
145
49
1141
1098
27
1348
127
1186
27
55
1217
1172
32
78
74
992
966
26
992
1042
993
935
24
1031
971
969
46
91
27
44
21
1415
1266
1222
1039
25
1075
1050
29
1062
1108
940
94
46
20
1098
43
1166
78
1172
1150
46
1046
59
975
1111
1110
32
967
57
1038
31
29
38
20
24
1010
37
48
1012
24
35
1004
39
1086
31
1179
1110
24
29
84
79
22
1080
1033
36
1101
31
38
22
1080
1038
22
29
1060
23
45
1021
24
104
999
987
987
73
1043
34
56
28
22
969
1013
21
1132
1065
56
1022
1166
57
31
980
1016
32
29
33
1048
1039
980
1049
988
33
1055
1011
33
1062
1034
1023
951
93
993
981
41
1073
68
1090
24
1088
24
30
1026
37
1107
1053
1005
957
35
1019
976
36
1030
112
981
1101
1110
1062
980
24
67
1038
1030
1174
34
1086
59
998
20
28
1059
1086
25
968
997
1019
30
1037
1076
21
960
1001
27
986
1054
33
48
42
1062
947
1004
1078
982
137
1067
35
1029
30
29
1028
1039
991
36
919
970
39
948
1043
940
36
35
982
27
1038
952
1017
989
1034
40
973
29
1015
33
31
1020
948
1037
953
1061
1015
24
56
31
22
998
1093
20
1000
1024
945
1041
28
47
998
1050
24
990
41
994
1025
31
87
1032
1063
1006
28
1042
29
128
1027
934
936
25
34
977
27
961
1013
926
35
1003
899
23
1094
23
25
1019
1104
1025
54
1010
1083
46
32
1140
1057
1219
1074
1262
48
1050
31
979
1058
951
1018
1016
1045
1063
1046
991
1013
1087
26
1051
67
1002
1003
30
156
1091
1051
940
1055
1040
1064
30
985
27
947
1087
993
1023
30
1091
992
981
92
182
1030
28
1094
971
1034
1098
950
934
1033
978
55
1077
31
29
24
29
42
24
1024
40
49
72
1069
21
983
61
1080
20
29
21
170
1062
33
21
1022
1183
1110
1057
1009
24
1025
27
42
139
1059
988
988
991
1032
1068
1062
84
988
27
26
26
1397
45
1236
1004
1040
1148
1112
41
959
1086
994
1006
1106
1073
1032
991
28
1042
75
109
996
24
1004
1017
27
1029
941
26
1038
1013
1030
1063
1000
28
1011
28
1027
961
89
1034
1024
1005
966
31
994
960
1008
35
75
986
51
996
940
1077
976
1144
1006
973
28
26
1011
47
975
959
1037
31
29
34
30
27
34
23
998
936
1011
1040
950
26
999
33
1021
975
1017
22
1074
1033
81
34
30
36
77
1041
30
1064
1008
1087
1145
1966
1316
1083
1058
37
1053
1050
26
1010
1104
47
27
30
33
30
1063
1262
1203
127
38
47
1235
1120
1042
30
963
48
1010
111
1100
46
951
1009
1066
21
1008
42
25
1131
32
31
31
26
26
1028
50
30
1039
991
1005
1101
936
1001
45
1018
939
1105
1040
34
1043
28
1033
1019
982
24
1056
1016
39
143
1040
1037
25
1047
1102
996
1030
1042
30
25
984
984
1069
43
1207
1262
1010
26
26
985
45
1038
1032
1077
30
998
993
1044
1015
49
976
986
1007
965
99
19
108
1033
1099
1089
1138
936
1161
1099
935
938
953
1032
1063
1070
26
1054
44
57
27
23
1005
35
41
64
77
1008
1044
105
968
1047
954
25
1043
1073
1084
34
1017
1018
1003
1058
36
960
983
22
25
1015
1063
1018
37
1098
1118
32
983
26
1005
27
33
33
1104
48
1062
1220
1001
29
985
1074
34
1095
1058
30
1116
26
1364
1000
980
974
47
27
1065
989
25
29
42
23
982
948
935
931
1056
974
935
32
32
1024
67
1092
1007
29
30
47
1093
977
80
29
48
46
1037
1020
1001
84
1036
27
31
952
1018
1002
1052
30
28
1123
942
27
1145
1081
1055
1024
1088
1022
30
1090
88
23
26
1547
1107
961
1049
30
186
1138
54
1112
25
1065
25
1144
1007
35
36
1045
73
30
1102
1014
961
1301
34
1424
72
1133
955
1025
34
999
27
27
30
1092
1036
998
23
23
24
1036
948
1004
1085
29
26
988
1039
935
997
985
1047
38
1073
36
76
993
45
962
1008
1145
1014
1045
1074
943
35
1019
30
1003
1033
979
981
126
1020
33
929
1053
1023
47
1002
1063
25
56
24
983
28
938
30
1022
1057
30
1055
22
22
1047
1114
981
1001
1001
38
1070
1033
956
964
29
25
1124
35
30
1012
996
1076
21
1022
23
1120
30
963
968
31
31
104
1112
34
48
36
1024
1030
1042
967
1063
1033
64
1049
1120
23
29
1038
23
1010
44
1024
1031
1000
32
1026
27
29
931
43
1041
984
1083
57
964
1039
95
987
996
21
979
976
29
1022
67
1004
961
1130
22
43
1147
972
964
1049
1053
1026
35
75
981
1086
34
1009
983
29
1044
161
959
981
30
1052
973
1019
939
36
43
24
997
34
46
1023
55
1006
54
1017
934
1020
34
936
1021
1016
1032
1052
1014
22
972
998
50
991
1061
1067
42
986
948
86
29
30
26
1065
981
938
960
1095
995
1014
938
1019
955
953
28
45
952
1058
1012
22
29
99
76
990
31
978
36
1001
1012
32
1015
993
1033
27
1018
955
1068
24
1075
81
1066
198
29
957
23
28
941
33
85
930
946
1007
32
1016
964
1009
936
30
978
1026
1072
1087
1027
27
1030
1058
23
1014
1014
994
54
999
35
963
1032
30
35
1009
53
1044
41
1009
1063
1034
1068
24
947
32
1197
1154
1062
1102
1054
1000
30
29
1217
1057
1007
953
1030
35
25
32
1162
1019
977
1120
42
1020
48
1059
1101
36
1092
43
1005
1057
27
998
977
31
1025
969
21
42
1023
1000
1008
1072
959
29
1047
1126
1001
1073
1096
36
1040
989
1086
82
1044
35
31
1138
1108
992
1065
1100
1094
1132
1011
1180
1159
30
1187
25
26
39
41
28
1045
1064
27
30
140
1138
33
1100
38
1009
990
1010
48
1089
981
21
28
1062
24
1075
22
25
23
25
1014
1116
1135
26
59
102
116
1135
1090
1076
30
1156
1176
42
1076
985
957
920
1179
33
30
998
974
28
952
1112
1040
24
995
988
1160
79
1033
994
1117
964
1155
26
26
1199
50
1188
1074
1152
181
23
45
984
24
86
1122
45
1147
111
1174
1261
1031
1119
1083
1097
1132
1125
1008
29
79
1023
1100
1149
973
1065
25
1035
79
45
1078
947
980
944
974
1055
29
29
24
1003
76
1056
1023
1045
1083
27
1156
47
1017
1086
79
35
37
1128
1915
1415
1109
1085
65
925
929
1057
1084
1005
1032
1069
1020
930
31
26
28
33
1046
928
41
974
1020
42
1092
1108
1002
1025
1013
971
201
1035
1066
1092
1013
61
49
979
1053
24
1094
1050
951
992
951
33
70
21
24
1076
34
34
1069
924
1101
1006
34
1044
993
994
934
980
52
1001
980
990
29
965
1101
1052
1021
28
1045
1033
25
999
1067
983
32
29
921
1029
924
21
29
1175
1044
44
1042
1024
1002
83
1077
26
1041
68
1024
938
23
1061
1599
1128
158
1048
46
1025
992
1044
39
996
1066
1037
1029
1056
1372
1043
28
991
944
1064
84
1011
84
1009
972
1024
1036
1096
1035
1033
25
972
1024
1017
988
959
25
55
1037
30
34
968
1039
945
990
963
986
977
24
1085
957
1017
960
1030
28
1026
986
25
1033
964
40
934
25
24
975
40
1075
1020
37
930
104
988
1022
54
28
1039
1006
1000
990
978
33
1022
21
1030
1082
1002
63
1001
28
1090
964
978
1039
1528
46
1044
1035
1047
963
1075
934
28
62
38
35
1076
1061
1030
1104
32
27
1011
1063
25
984
168
1133
990
982
999
71
928
990
927
74
1009
24
1054
981
993
975
28
992
1055
964
39
108
967
32
999
27
968
28
54
118
1039
963
1445
1223
38
232
1249
1035
953
944
1048
970
1430
1052
24
30
1085
36
1009
1006
121
83
1579
74
2147
1557
20
131
39
73
43
1109
1183
28
25
1693
1926
42
1026
995
23
931
1042
34
1009
940
972
23
35
42
986
27
33
1022
1027
958
997
1030
20
32
949
1002
1035
1017
28
1043
944
923
936
29
960
1017
971
21
1041
946
1045
901
999
30
923
933
110
1714
1769
125
153
1228
1046
1013
32
1069
1095
1041
22
38
1270
1557
1249
1103
1086
1001
996
982
38
36
1042
935
1098
1005
1014
1063
1134
26
936
1050
1013
1054
26
1042
1062
983
136
970
999
1052
1002
1027
21
1032
995
35
1133
1423
1032
1039
1107
30
1023
1042
30
21
1040
976
30
34
1096
31
30
1075
32
1116
1021
972
1016
978
34
999
37
963
29
113
28
1021
37
999
967
1018
1004
1077
1083
996
47
1089
24
26
47
1121
1110
28
61
30
1093
964
1057
985
1072
1023
30
988
942
1143
995
981
1004
1024
1096
1090
38
59
33
988
1023
34
112
963
67
29
35
1004
45
1042
996
1085
55
35
960
988
1019
935
924
1032
21
29
979
1044
1039
993
978
962
963
1050
30
918
64
85
1065
941
962
20
983
933
949
924
1038
996
31
1047
951
984
972
21
966
1001
1110
1009
1194
1037
60
1015
29
1003
1020
961
49
26
61
31
1023
1006
1010
1012
1007
34
40
1088
34
32
30
1068
958
984
21
24
1040
1088
966
1018
42
21
972
1090
1037
1051
1090
24
983
1017
969
978
988
1009
44
39
933
1026
49
1042
1050
1024
40
28
1012
980
85
921
999
30
919
20
46
39
1024
56
43
938
27
33
977
1068
1080
25
75
1049
1040
1053
27
37
1068
994
119
977
978
997
73
23
1196
76
1280
39
970
1011
113
29
1054
44
958
35
1025
40
34
1058
116
1065
1000
37
24
1070
1058
1091
1028
40
989
991
23
31
45
22
930
945
33
943
1017
985
1086
37
168
29
950
962
961
1018
1023
23
24
1007
49
48
32
24
1074
974
932
944
173
1040
976
1029
24
28
25
1047
70
969
1017
1059
33
975
172
992
1028
1026
1040
1102
47
1025
1003
112
921
27
27
1000
21
1037
50
1032
1059
1101
68
1051
1046
1039
29
21
28
1007
31
1029
1070
61
988
984
33
1005
1003
23
919
934
1029
969
963
916
1011
989
990
968
112
28
1086
947
70
20
965
941
95
1057
970
32
1065
987
1010
953
61
966
961
981
61
969
1011
1033
108
24
27
1030
28
983
1023
20
1078
96
982
939
45
934
51
1016
1027
939
930
32
32
44
1011
33
1023
1054
1016
25
1020
24
928
1011
1025
28
14
21
1056
1003
971
1008
1023
21
28
999
1004
1063
55
969
1016
980
1000
24
1003
933
948
1055
973
1026
1008
1008
983
44
970
1480
1036
1045
31
1080
26
1021
29
1069
1112
30
993
1012
1030
1033
987
1062
20
1003
951
945
27
1011
27
932
970
929
21
965
968
973
982
87
56
27
933
1071
52
1012
40
937
24
994
1037
983
956
1051
43
951
961
1060
57
1023
1013
1009
30
1042
945
1025
29
1020
1037
29
22
1014
1012
963
55
26
47
1028
27
1084
24
1023
972
193
1005
1111
32
29
1060
1068
1024
1069
1083
40
31
47
21
998
21
1069
43
29
30
49
50
31
1004
954
1049
1025
1016
990
1060
1053
1016
952
1023
29
1032
946
1004
1063
1036
34
30
1067
956
47
83
1038
25
1038
66
1001
1056
1000
1048
995
69
27
64
1007
990
148
1040
941
947
44
958
1012
1074
28
936
894
89
36
25
21
22
34
33
33
21
1091
1087
66
1004
1096
33
1061
33
28
1054
1026
24
76
1056
29
938
30
1028
32
25
24
21
33
32
1014
29
1039
44
998
30
29
27
32
28
1004
20
993
29
21
52
979
974
984
1024
31
1070
28
987
947
105
140
988
68
977
998
24
977
43
987
975
953
1046
1021
1016
23
1025
20
1055
998
26
1037
1013
25
1005
1058
995
115
89
975
1021
1026
1086
33
1036
47
97
33
27
988
1047
919
24
931
973
1011
941
24
23
944
943
939
32
24
30
988
926
1055
992
1031
1097
994
999
942
945
27
27
52
995
980
27
952
981
947
1009
942
976
978
1486
1007
998
1068
1012
35
1007
1031
988
1016
962
1088
32
1003
1078
973
1015
973
935
24
998
1000
40
21
24
31
50
28
33
1018
38
955
973
25
1109
45
1084
25
1068
948
1012
29
982
25
1043
1039
1062
982
1024
1040
1056
45
1025
980
27
1041
144
949
23
928
1017
21
1006
1048
1072
970
34
1036
1034
981
992
926
33
33
108
999
1011
1029
43
980
1000
30
33
994
1069
1068
87
971
922
182
1033
21
24
20
1066
28
28
31
77
1038
947
28
972
83
37
980
29
20
1037
45
1054
1016
949
1028
962
1064
1000
1002
95
24
1065
962
1038
1004
947
1012
1091
1069
986
30
26
1005
996
1014
977
998
33
974
19
43
76
930
971
1023
112
108
1068
26
1029
1108
30
32
1059
23
997
977
1042
1030
953
103
21
36
1020
51
984
1029
140
929
23
23
1016
1061
1005
1032
1091
1017
1041
986
1060
23
27
997
1097
1062
41
30
1078
20
30
1014
20
1041
1023
105
55
43
1011
986
1022
1024
40
1164
83
46
1850
1010
983
35
1109
1079
158
1236
1135
1234
1239
29
34
950
982
36
968
1020
1031
948
1021
26
999
23
948
960
957
977
1027
36
1030
23
1040
973
45
960
1071
1008
20
28
1008
925
1030
29
1070
974
33
1003
987
955
1029
34
1075
1038
977
74
1011
78
923
67
1011
21
977
1013
907
1002
936
955
28
932
935
915
26
999
988
1038
34
1026
1016
1043
31
30
1003
994
998
933
23
989
1013
954
988
28
28
33
925
911
1029
1065
975
991
955
1003
1002
1054
960
31
1038
21
976
1066
35
971
34
1010
981
952
918
29
927
989
42
1032
1008
26
996
23
1084
986
968
979
24
36
981
930
985
1077
42
1531
1347
1166
1009
1016
32
983
69
964
1064
37
120
67
1099
939
978
65
992
31
997
44
1048
54
973
950
1004
25
1029
971
996
994
954
974
984
24
1082
993
932
18
995
26
987
36
1009
30
1094
933
1070
1030
115
960
34
1043
1066
29
1063
1015
25
1052
40
31
987
1060
1072
1043
1048
75
48
994
974
27
1032
950
1072
113
1035
975
948
942
47
24
31
1037
946
28
73
1044
55
1059
35
957
945
934
40
948
21
33
1073
34
1001
1061
950
993
1013
979
23
1088
54
1054
46
78
1013
1080
32
33
1033
1105
1027
32
1007
21
969
990
994
35
41
1037
20
20
1070
1055
1016
1039
953
991
1025
32
1084
226
30
992
1068
43
30
29
54
1032
922
970
1013
1047
33
1046
976
951
1108
973
47
992
29
36
1034
993
22
21
71
1002
33
30
79
35
1004
978
987
1021
1033
1008
1067
983
970
23
27
1058
951
1029
1008
990
111
1027
1063
968
1033
1035
955
1007
1050
1079
1105
29
156
985
95
29
1011
927
1032
1013
1029
917
29
45
43
1028
1050
1086
983
32
1000
1024
29
1018
23
65
21
1019
1447
74
1014
1024
1134
1000
988
141
25
998
29
1024
63
1033
27
65
974
1028
35
1008
1010
1006
978
1033
1094
32
1044
974
1046
931
67
25
23
24
1032
21
1087
1026
25
32
1010
85
32
38
1051
1040
993
34
101
1087
1027
20
995
27
1075
993
987
1017
1051
1047
961
1039
1068
86
1035
973
28
32
21
24
956
1009
53
32
35
24
989
1045
42
1001
1043
24
25
944
30
35
993
1066
1038
977
944
1052
986
975
930
40
1052
29
958
46
967
992
983
29
1080
21
112
966
971
1035
28
39
60
55
1069
1056
975
982
45
30
1015
1000
990
28
30
37
29
33
1013
24
1012
1047
1004
1016
1035
972
1009
1051
46
29
31
1009
55
995
1051
1048
949
975
34
1091
1087
45
21
24
978
135
949
21
28
1010
997
43
26
943
1021
1056
23
20
976
955
21
44
942
21
933
988
25
1013
1001
961
1013
942
1083
29
1057
989
1016
1034
30
1026
1058
983
998
21
29
958
1030
29
921
35
24
33
941
989
21
1063
1059
24
25
992
32
76
21
976
987
1034
46
1095
968
1047
1093
57
1032
31
47
973
935
961
30
28
81
23
994
985
978
1011
1005
985
929
1116
1030
28
1056
1056
27
21
70
1043
1111
1031
1075
21
21
1075
151
29
1024
30
23
947
119
977
19
939
939
919
116
1086
1048
946
90
23
23
1035
1049
1075
1027
21
29
34
49
25
1001
980
27
965
1377
96
1234
1001
997
37
80
1003
1120
58
1055
1043
1063
97
1044
33
35
122
77
1101
30
952
34
35
994
31
953
950
1010
1032
965
62
106
64
985
1067
1092
1044
994
1032
1004
30
1005
1000
1010
28
934
970
23
1018
997
928
988
1053
952
980
1088
30
971
26
1026
1020
1036
25
1029
23
23
28
24
31
65
962
24
1018
31
933
944
953
24
971
28
1035
22
19
78
1009
20
963
27
994
1022
18
33
946
984
26
30
46
112
1049
999
1069
991
20
1006
41
1057
31
1020
98
1011
20
978
28
1067
1018
1008
1010
45
977
989
23
968
952
111
29
33
1027
954
1017
1436
97
65
41
1571
30
1503
42
34
1591
1069
157
124
1114
1108
1063
26
1025
155
1208
105
1774
59
28
48
46
1335
1056
961
1027
1126
74
31
1169
1007
1091
999
92
33
24
1094
1033
27
30
1062
952
40
995
1084
1053
990
1010
1030
29
994
1063
1002
35
23
1057
30
1018
1004
1033
942
1069
41
1037
66
978
979
1177
1085
31
1081
1110
24
961
78
1039
1093
1161
1157
1117
1157
942
1104
47
1031
27
1145
1134
30
21
1051
37
21
25
76
978
1008
1046
1051
1165
1001
1008
130
1056
1045
1288
1098
1032
41
1038
1184
1033
1027
31
1163
41
1104
1004
28
957
1060
1370
1050
1180
34
1052
1122
983
1091
74
1084
991
1030
131
1066
1048
31
43
1003
28
69
117
965
980
1003
1101
948
1178
971
1101
1081
1044
29
41
1007
1089
45
1008
31
986
31
30
984
985
29
31
1055
172
27
948
977
977
73
31
1035
26
32
1015
57
67
1046
1063
41
1054
27
31
967
42
1037
1224
41
35
31
34
1008
29
1016
1067
74
30
33
921
1000
1043
981
46
1363
1335
129
1139
44
1087
37
31
951
955
980
22
970
954
1048
34
1046
1426
1287
1011
39
990
80
1020
942
36
33
1067
33
920
931
51
1099
1006
1120
46
1064
1024
1098
1041
1000
944
1019
1370
1189
1011
33
968
31
1030
46
1112
954
997
1091
20
985
43
1080
42
984
1024
33
1029
1112
45
1149
1112
989
900
1052
1028
62
1049
32
1011
24
972
46
55
22
1072
950
1039
1017
45
1012
1011
25
1020
82
42
75
34
1083
33
1016
995
977
1068
1036
992
122
979
108
994
1023
1065
27
1114
1072
1069
40
107
1012
33
940
1116
980
21
963
30
32
1048
76
33
949
1005
974
994
26
1026
22
1032
88
21
1006
115
981
24
1065
977
991
991
993
34
34
156
1053
32
1061
1078
202
1088
1014
26
79
926
949
48
1054
33
44
49
25
46
958
954
1008
53
1049
30
1043
995
996
138
979
955
23
18
20
979
26
999
1013
1007
40
1438
177
1076
994
942
1089
1098
27
996
55
1034
1019
1012
971
24
1054
1073
1008
20
25
1055
33
56
28
1036
1070
28
1040
73
33
35
957
996
1012
941
57
936
32
999
1021
53
1040
1009
940
21
1049
28
23
245
74
33
1033
973
967
1007
1075
916
975
71
1068
930
20
1014
61
173
40
1030
1026
27
29
61
980
978
116
86
973
43
44
93
921
28
946
30
1031
1021
978
64
971
1006
1074
34
55
32
42
1075
56
1184
1018
1061
1034
1209
56
48
36
1391
1062
1060
31
1167
1138
973
49
25
41
61
1049
942
23
1015
1099
23
1004
966
1025
28
969
1072
1545
829
64
98
1000
24
979
28
53
1034
1032
29
997
974
1012
1021
45
1008
34
950
1012
996
88
32
46
1156
1026
22
981
1097
981
1105
1317
1120
34
999
1095
1008
1035
1052
30
997
1061
26
979
1020
994
1082
927
1031
1031
41
32
24
1000
25
63
959
22
36
1170
1050
1081
1096
79
56
1025
1160
38
942
1048
968
50
1029
970
25
1086
980
1000
22
24
55
1011
68
1082
1256
1039
47
964
1074
982
1012
1238
112
89
51
1091
1012
990
35
1098
1044
1031
988
26
25
1032
1038
993
1099
1075
991
975
30
1058
1053
28
27
25
21
1004
1029
1003
27
1067
984
1032
47
30
1063
31
1084
1003
29
1052
1104
1196
974
996
74
993
33
943
1017
41
29
1193
86
1221
20
1104
1068
968
1050
1019
33
18
954
1013
1059
36
1009
89
200
976
972
86
19
1012
63
1040
974
1042
35
1132
21
972
998
975
34
1010
939
1057
28
955
44
30
59
1035
926
951
28
995
976
949
20
981
128
85
1024
44
932
29
999
1036
969
1060
32
1019
997
1092
1024
983
23
1010
1040
192
40
26
953
1085
1012
1028
1065
25
1032
54
976
25
21
976
40
67
1096
983
946
990
976
1039
1013
1026
999
28
1060
48
959
81
1015
29
969
1079
27
1027
1005
40
1008
985
1029
966
32
1096
1203
44
1094
39
27
968
1062
1003
1029
980
40
26
57
987
21
33
956
963
60
26
1084
1086
1057
24
1029
27
24
981
1004
72
966
982
1006
25
28
33
29
1016
1023
978
1002
1095
968
1036
28
28
958
967
44
32
1391
1074
1079
34
28
1124
1072
1038
79
1042
1092
38
1066
54
1024
51
1130
1122
1104
1174
32
1112
1200
147
24
1054
23
1001
1058
85
121
1436
1067
980
991
1058
31
33
925
39
62
165
981
1079
1292
31
47
1390
26
1273
1181
27
999
30
51
29
1008
36
24
978
31
30
98
989
976
1001
29
953
937
990
1029
94
28
959
998
51
24
986
1040
39
1039
964
950
88
76
977
941
993
1020
979
1049
925
934
1012
33
24
20
986
1003
95
40
977
1104
108
994
1002
41
30
34
114
21
1028
1020
951
1024
55
1153
43
1068
1081
82
28
1096
1080
986
1033
1020
1010
1061
958
1067
1058
1022
31
21
1053
946
978
983
44
1077
31
1106
1067
29
78
1151
1060
30
43
1129
30
75
1018
118
1041
1020
1029
1013
1001
29
1061
28
1022
993
1046
40
58
1040
1000
1029
20
1015
24
41
1013
1002
40
1072
1012
46
25
1062
108
35
1013
22
1039
1130
1012
1034
1039
1045
23
41
862
30
1084
22
1123
51
1104
1101
30
1034
1019
975
1005
55
1094
978
1040
21
1016
985
1090
968
1049
1118
1079
84
1017
1013
1003
28
30
890
37
960
1035
33
1019
979
1278
36
1322
1037
984
959
1068
1047
1088
1010
30
36
990
69
949
1054
125
939
35
89
964
984
68
1085
34
982
28
23
1089
1108
949
996
1013
990
66
1001
1067
151
27
1387
92
979
1041
1072
81
30
70
956
1005
976
53
970
31
1140
30
1431
965
29
58
943
34
1039
937
1014
1011
960
1045
1017
1075
28
1041
54
86
35
39
989
1034
32
946
31
1056
37
21
34
22
1069
1024
943
1065
980
977
1049
955
43
35
1026
961
1053
1009
1006
1021
1032
1014
106
972
1033
1030
32
1039
1023
963
25
1028
1029
97
103
36
33
59
987
1073
952
1005
41
932
980
1056
24
26
88
31
1059
1030
1078
1015
31
29
108
26
936
75
1013
951
1028
996
27
998
1021
32
160
1036
35
28
27
37
989
28
25
1093
1058
962
1029
29
949
1045
1054
21
999
27
985
23
1019
18
850
1023
955
28
1096
1026
954
990
1003
28
29
37
1064
1044
1048
948
975
1032
995
1092
1017
46
1074
1052
1073
76
27
937
1049
30
28
982
1053
30
982
34
1007
963
1012
983
93
994
988
24
1091
1040
42
25
1058
951
31
1040
975
1045
40
1012
1003
52
995
1097
28
83
1000
33
1030
27
980
1027
980
33
1014
968
33
1006
962
978
55
963
992
30
23
992
1017
977
984
998
21
961
1082
1014
1017
38
958
973
33
957
28
76
60
1073
23
957
30
36
1028
1073
1033
968
34
53
33
112
1027
921
927
956
1013
964
999
1063
972
999
49
47
129
951
107
75
1031
29
1146
1002
29
117
1010
1006
65
1024
945
22
1020
994
25
43
973
29
23
1015
965
1004
982
942
1013
976
1000
32
967
971
28
997
27
1058
1035
26
231
1048
31
962
30
28
1046
1027
1057
1055
1013
34
130
1056
1062
1071
1068
1058
1024
21
31
1060
1001
987
1060
968
45
1047
1061
81
991
29
985
1050
29
1070
1006
46
994
26
99
24
998
26
949
1005
921
1015
1075
1030
50
68
1023
1016
943
938
30
992
38
22
1050
943
28
1007
1014
965
32
1062
36
21
45
1027
954
984
986
979
19
982
97
28
200
1008
973
1006
1009
1071
44
1016
1005
1011
1001
29
1046
31
1015
32
1019
28
955
42
964
33
1054
29
33
25
39
1000
928
988
29
996
23
28
23
20
980
943
20
1021
920
28
33
28
21
970
1010
1028
24
1063
33
977
976
1063
39
29
990
1060
1010
34
964
974
983
986
1068
994
1020
959
29
24
1058
98
973
1043
968
22
1031
989
1070
31
34
33
27
1068
998
35
1045
36
980
24
954
44
979
32
940
21
994
39
957
940
23
23
974
977
31
21
149
999
1018
1021
42
1089
947
977
25
973
26
981
970
21
1024
1010
30
25
28
998
1024
928
1003
93
995
1141
1862
1081
143
1041
1080
1057
1090
1129
952
1069
27
47
36
1000
25
29
32
938
24
1002
1076
1043
1058
951
32
30
48
992
36
967
1017
32
952
1008
26
992
1012
919
28
1098
991
955
83
73
1071
1003
1019
22
34
32
1106
1025
1219
967
32
77
34
964
28
32
24
939
999
66
989
973
1055
1081
1075
1050
30
1030
1070
57
54
1094
947
990
1013
1017
933
30
27
72
1069
86
952
66
959
1087
1083
1014
957
988
45
89
35
32
980
30
997
989
1517
1206
30
950
1074
71
37
55
1073
1003
21
1061
83
1052
26
972
44
22
52
1050
975
982
1012
977
50
56
1028
1035
959
1087
946
1023
1009
1018
976
1022
1015
1036
24
931
1020
1061
1000
1004
20
27
27
1014
1041
1047
953
145
1016
949
1001
1079
1035
1018
969
212
34
1089
952
962
1032
982
28
1040
1068
1006
1013
991
983
1006
958
1005
1081
21
28
969
34
1017
51
982
998
29
55
970
47
1315
1193
1065
34
53
1013
22
1019
994
960
35
32
34
39
30
88
79
21
42
70
966
1403
24
945
73
1025
947
29
31
1065
31
23
1070
82
24
935
47
1083
1002
33
27
1011
23
950
1035
1026
1057
1049
45
947
45
20
1028
25
44
961
946
979
1009
1067
26
147
29
964
1035
1017
980
1063
1075
958
919
958
1044
1058
84
34
88
24
1076
34
1063
1031
964
1043
28
1017
942
1090
1001
1041
1077
28
71
955
1015
1013
1036
982
19
980
1055
939
982
961
1076
1023
1015
1007
997
1025
29
1011
983
31
1012
48
1091
38
1034
935
1046
31
1015
1058
49
1031
1068
1038
958
21
25
1015
986
1124
21
967
29
1010
151
1049
29
25
33
1037
992
977
944
1009
996
994
1070
926
43
1010
1055
1071
112
1039
954
1046
1012
1063
1036
35
1056
27
993
22
994
39
31
20
1094
49
1048
1087
1064
1007
1046
30
22
70
1004
89
999
955
80
1040
1005
32
1151
83
32
973
1248
987
1043
62
1259
1153
93
972
45
33
937
1021
1166
24
28
138
21
71
1066
1005
1001
1542
1019
28
1055
1073
990
966
1004
35
34
1102
33
27
1008
967
1006
1115
43
22
984
1057
984
1023
1062
44
1021
947
952
1037
1058
1062
1058
952
1058
37
966
940
1073
38
1061
30
23
1062
1008
1001
22
950
1030
956
1018
965
22
1014
962
46
1023
1008
21
24
1069
35
981
992
1010
995
997
945
1033
21
1013
1037
118
21
1013
1077
949
1030
22
1070
967
27
50
1202
1157
1180
1181
45
31
51
1393
1082
1070
1073
1172
48
1016
24
45
952
29
1055
1010
95
1084
1067
37
987
116
29
1108
1001
987
1110
26
961
1043
1009
1020
24
975
1053
981
78
35
996
21
1130
25
1035
1067
1084
1004
953
992
925
24
998
23
968
1060
1038
31
1072
47
1014
67
1073
41
29
196
19
951
71
39
960
940
43
26
60
990
39
990
1050
91
1033
1105
97
38
21
35
1174
1036
1007
22
1032
1150
22
1001
992
992
38
22
1066
979
972
1079
999
23
27
23
30
1035
79
1046
24
1041
992
1010
960
43
33
991
43
73
975
53
989
30
24
1023
1055
1031
978
97
1101
47
46
1063
1054
974
22
1059
1001
33
1008
969
1006
1003
980
1060
61
1074
28
938
1078
128
1057
984
1002
1091
21
977
153
989
79
1026
1013
1031
23
28
1060
28
1056
122
966
35
1041
21
973
1103
46
1042
38
1555
1454
1340
1092
28
1026
1027
1048
46
1071
1116
1014
1327
65
34
1249
1031
1142
1151
45
1119
1051
1079
1106
1054
1020
961
56
1014
988
932
1034
1018
1092
31
1029
1027
1034
993
24
1037
990
1003
1024
1043
21
31
24
1065
58
1043
77
1118
1064
1096
1028
27
92
1008
1013
999
1100
1105
1045
1019
24
1025
1040
992
25
1023
1087
38
1001
21
28
33
976
43
961
986
977
23
990
1054
40
27
1002
24
925
21
1135
1080
1044
1155
1100
985
1068
1143
977
968
972
45
23
985
984
1141
28
1071
46
1029
1014
1008
181
1117
1022
1041
42
1013
29
29
54
937
1046
43
25
954
979
934
968
975
118
976
1069
47
949
1000
1147
1122
998
1041
1043
37
1071
948
35
149
1007
29
980
93
1092
68
918
1001
988
982
59
23
23
26
78
1030
1069
76
1031
904
976
34
990
1030
30
31
25
1050
32
1044
1004
24
48
1036
20
33
1005
1050
1021
990
22
991
1034
21
991
26
21
1042
1087
999
1018
28
21
1015
23
992
162
24
997
64
23
1067
1054
1052
21
28
1036
950
980
35
1008
27
967
997
956
1007
1038
97
1036
32
31
970
1076
961
25
56
24
40
1113
32
1050
46
28
920
42
30
1090
1010
30
1054
81
20
1077
918
1011
53
1002
991
985
1038
34
1304
1551
58
44
36
1292
967
25
42
1043
969
79
119
1000
24
939
40
923
34
41
962
24
45
1020
22
1014
1025
28
29
947
992
1006
1007
24
985
1008
31
26
21
990
1046
989
1055
999
1018
23
971
33
930
939
951
21
28
1050
1036
991
954
985
45
1038
58
988
1104
990
1060
1084
32
1009
1001
108
1018
980
1009
988
1000
928
958
972
23
930
24
921