0
522
503
522
467
15
19
496
18
484
13
12
14
508
16
13
500
16
495
464
475
484
471
12
537
464
516
488
495
533
31
473
43
15
494
17
14
504
518
483
510
509
16
486
58
510
13
470
51
488
473
522
13
494
485
527
11
52
484
485
17
497
15
497
495
539
511
497
23
491
495
501
506
528
499
503
13
513
516
30
440
71
532
12
523
477
550
496
12
490
13
535
18
497
525
21
23
11
50
12
14
514
518
508
498
16
500
517
505
507
503
22
34
496
503
491
13
20
525
28
474
548
551
505
13
524
512
14
18
17
14
485
12
60
479
481
531
13
501
494
21
57
489
494
27
505
41
490
31
18
15
478
553
538
14
43
546
14
28
501
20
505
15
473
23
495
534
539
555
29
34
47
510
509
495
23
42
541
11
492
526
526
470
15
483
17
14
536
17
521
35
483
484
487
501
18
473
523
22
25
490
482
506
476
494
548
30
542
17
516
23
16
551
13
508
17
39
520
522
482
15
511
20
543
515
531
13
13
17
16
486
469
490
499
511
481
515
487
487
535
23
15
28
18
498
509
467
20
17
25
496
544
22
14
519
16
519
464
16
519
11
12
496
462
12
53
12
14
14
13
509
16
518
517
514
506
482
491
14
534
495
510
469
538
488
528
31
530
535
528
18
503
20
483
488
495
507
509
543
468
452
530
501
518
524
494
482
492
516
518
519
509
23
467
478
529
510
13
491
82
522
23
504
539
11
548
511
524
541
25
516
15
27
516
527
509
23
506
97
407
500
518
14
13
13
490
592
61
630
26
20
516
25
31
497
533
528
490
519
496
477
21
11
472
39
22
532
24
483
523
36
582
535
501
13
494
527
29
11
15
492
26
529
518
40
15
500
494
11
498
14
37
13
480
469
524
503
15
41
17
490
534
498
500
520
510
501
481
505
16
544
547
15
23
518
493
486
506
15
503
482
47
57
539
533
542
527
553
11
489
18
523
533
497
15
14
31
545
488
487
54
35
12
67
510
19
501
495
556
497
494
490
517
17
515
518
35
516
488
508
499
13
22
14
51
483
17
521
497
473
13
110
498
107
465
466
502
486
508
527
21
516
521
503
518
484
485
14
20
14
490
491
506
513
516
485
515
488
526
13
18
537
515
35
45
547
497
20
530
13
490
536
535
506
526
18
23
522
486
15
15
14
515
507
33
27
499
500
17
506
36
533
550
18
15
13
34
16
524
473
500
518
519
480
494
479
25
15
492
14
521
473
476
15
489
21
496
12
503
496
21
523
27
510
487
486
14
524
502
36
490
13
21
479
16
538
507
545
14
23
39
518
510
17
534
16
22
499
13
507
482
503
13
484
489
542
523
508
499
491
30
533
542
58
478
50
46
13
516
520
476
11
12
28
485
19
14
17
14
16
26
14
511
53
495
29
508
530
522
522
472
16
33
17
515
486
15
480
492
17
13
489
20
507
512
489
493
500
550
540
29
18
478
17
510
526
511
503
94
525
33
491
502
546
13
517
480
497
521
537
39
12
76
476
514
29
484
500
19
533
481
15
497
36
502
48
17
30
24
15
11
27
22
499
506
500
16
14
509
541
489
14
529
25
14
529
507
531
485
39
462
10
520
499
519
530
497
38
505
466
469
527
16
38
534
509
520
511
483
17
15
482
486
521
521
516
487
502
11
509
13
505
14
499
537
543
16
20
488
17
102
494
534
19
549
16
19
14
489
519
12
492
489
14
13
502
509
21
498
14
494
500
17
14
492
533
23
523
486
518
476
517
496
13
12
524
14
509
476
17
535
513
519
18
524
11
476
14
464
509
14
494
525
85
521
507
52
509
51
489
53
15
524
28
17
12
517
514
497
13
42
17
482
500
21
14
522
502
475
527
499
518
522
527
493
535
512
20
509
491
22
494
513
20
37
510
19
467
31
514
544
479
479
19
19
508
19
64
485
494
503
16
15
495
24
496
471
485
518
482
13
508
509
15
11
511
486
22
12
497
527
17
20
499
466
11
506
461
13
13
510
474
507
505
17
15
496
15
12
51
533
14
521
120
39
509
523
25
14
16
487
489
13
11
506
515
508
513
499
15
527
16
520
21
17
13
515
508
482
25
521
11
36
522
16
514
498
23
497
503
525
491
522
465
495
508
16
521
494
516
13
497
512
23
481
530
523
19
537
45
15
17
516
495
506
484
613
60
43
21
576
575
504
497
24
15
37
25
466
526
72
498
516
500
26
14
13
503
501
532
481
15
17
492
492
11
519
19
507
17
57
39
60
567
509
15
466
46
15
497
44
61
14
17
528
485
527
496
11
526
524
462
475
15
500
18
495
13
14
16
36
496
461
510
22
468
54
517
511
476
13
15
459
15
17
491
53
522
12
504
506
507
17
15
22
22
519
494
17
525
12
30
515
511
530
509
30
500
498
16
510
488
504
499
35
55
496
468
17
13
16
13
495
20
503
488
510
505
496
17
550
86
524
483
470
518
494
493
526
532
557
492
13
480
16
475
96
14
21
509
16
447
16
15
490
507
20
514
14
493
480
514
40
489
12
466
17
477
503
43
16
22
538
17
521
478
509
503
473
489
12
548
38
520
18
487
517
11
514
492
509
447
524
17
15
499
546
17
516
516
41
492
514
13
44
432
529
15
509
17
520
553
516
479
478
507
15
15
24
44
545
512
26
515
15
15
512
503
513
11
506
538
37
528
11
16
520
522
506
22
517
13
36
501
467
485
503
490
25
501
508
500
498
516
538
24
512
499
525
15
510
45
12
507
517
13
510
511
487
502
501
527
12
544
15
485
524
522
493
498
540
15
493
494
474
12
48
506
16
491
48
509
511
520
15
14
533
506
481
495
45
523
27
489
18
14
530
490
53
495
72
475
490
466
498
517
15
510
17
519
495
537
545
18
507
498
502
497
486
14
13
13
532
511
522
510
507
490
459
487
30
51
14
498
25
12
499
17
485
525
495
16
13
523
22
486
530
23
20
490
476
17
14
37
507
489
468
486
504
12
510
527
498
488
15
510
27
526
11
19
504
499
38
490
499
476
40
510
29
712
52
587
528
543
16
532
528
503
20
16
473
508
482
530
500
15
18
528
15
523
28
41
13
508
524
16
500
494
531
527
16
14
493
47
516
16
516
539
24
529
16
20
519
503
508
536
546
484
13
15
474
494
487
517
519
28
473
60
462
22
13
508
490
527
92
543
520
504
516
466
529
14
476
541
15
45
504
35
493
504
476
513
552
509
523
22
528
31
14
527
532
507
14
503
12
490
532
510
28
519
12
26
504
512
512
17
528
516
533
483
15
508
506
538
512
551
540
500
549
493
535
484
521
486
522
11
513
502
469
490
15
20
485
13
507
14
22
506
497
488
487
466
470
595
509
521
547
482
499
19
488
12
72
519
497
522
467
503
21
516
39
501
12
525
510
525
89
538
13
11
23
11
521
39
21
12
500
12
508
521
537
15
11
511
510
14
516
516
18
519
15
523
14
50
490
524
15
15
16
514
509
14
13
482
468
519
28
508
68
65
16
503
520
17
482
513
516
550
538
515
498
544
14
17
27
469
500
509
505
541
517
13
29
510
503
13
488
520
508
501
23
545
27
123
551
507
517
464
16
489
46
45
465
495
503
481
13
11
495
524
496
490
503
481
511
534
483
89
12
498
507
484
511
491
513
536
512
498
504
510
485
511
523
505
16
497
498
19
465
543
531
471
14
50
496
465
513
11
492
480
494
14
503
491
533
515
19
17
490
420
500
485
527
471
521
521
512
17
541
534
503
13
475
506
505
507
515
511
17
22
16
14
550
500
534
40
492
494
500
530
45
16
471
534
506
39
467
474
475
27
494
466
539
514
481
494
521
511
21
520
515
506
505
545
510
490
534
515
506
17
508
14
526
17
490
459
518
15
525
13
525
492
18
508
16
23
521
500
18
499
524
21
15
508
20
494
511
494
513
519
489
17
490
501
506
13
504
467
499
490
514
17
534
491
518
492
493
17
22
12
13
18
475
16
483
544
536
13
481
525
32
16
512
487
545
15
541
14
477
506
15
515
527
514
485
45
513
14
526
28
690
52
580
553
492
501
499
25
490
552
23
19
23
13
488
517
521
15
18
487
13
476
16
15
541
12
546
516
518
508
16
497
15
522
16
24
19
522
17
15
482
477
520
525
535
11
16
22
15
525
483
487
13
55
506
17
59
524
507
496
23
59
485
505
37
495
526
519
16
483
441
16
524
493
16
13
23
519
13
503
482
486
17
517
505
23
504
510
486
523
41
16
527
14
479
489
17
534
495
486
16
499
489
78
491
23
18
24
483
486
493
13
506
499
16
468
526
477
503
480
17
11
31
31
492
29
18
498
16
503
544
531
481
15
549
551
18
520
63
510
14
51
528
17
13
23
510
20
473
37
496
12
44
520
474
15
15
509
492
12
489
523
515
504
539
21
506
15
489
472
19
511
467
466
505
505
13
495
524
36
491
40
473
465
505
485
500
512
13
512
488
519
22
515
505
521
19
483
464
491
486
47
16
486
473
22
14
485
521
477
13
520
512
15
509
516
463
13
466
465
533
15
23
537
503
511
509
46
496
496
524
492
491
28
500
482
14
568
521
517
474
39
519
528
537
534
508
523
525
505
487
14
527
486
497
541
517
523
520
482
526
493
15
486
13
499
514
15
517
12
23
492
71
495
11
517
522
549
15
506
485
544
541
511
17
525
23
24
504
522
517
16
514
487
468
61
28
474
14
15
43
20
51
464
532
13
494
524
16
495
17
493
17
463
13
470
515
61
15
527
517
11
468
525
27
538
478
45
16
520
504
549
549
481
507
488
498
473
527
512
17
535
481
476
524
13
17
488
27
489
17
535
485
12
494
506
545
491
20
17
494
15
524
19
496
501
487
33
495
505
499
524
15
15
522
469
23
488
497
41
510
31
521
497
510
13
518
518
499
35
16
514
26
507
523
528
501
37
519
537
518
11
23
505
18
473
17
11
467
69
17
531
499
507
15
479
547
513
15
489
21
500
540
15
484
501
16
12
502
13
13
466
478
480
504
541
13
14
508
485
505
16
474
17
531
496
29
20
471
22
18
525
478
17
514
68
521
547
16
548
521
54
14
516
41
47
17
494
12
484
496
537
17
499
69
518
521
491
539
510
493
482
14
544
496
670
644
639
733
630
25
592
17
40
14
81
507
26
527
469
477
25
507
472
497
534
487
540
498
489
36
45
15
583
579
562
563
490
16
483
497
23
478
512
508
15
513
515
21
22
474
484
47
28
17
15
14
512
512
487
465
510
471
471
531
15
20
497
480
535
17
513
50
517
496
50
28
13
48
500
14
36
484
497
499
472
502
484
492
510
21
525
530
526
552
504
506
527
504
16
505
19
14
511
478
499
14
13
501
83
21
23
513
13
15
506
12
526
58
517
500
486
14
522
526
14
19
521
516
521
536
489
526
550
502
516
13
485
487
532
511
543
518
23
508
502
503
12
469
511
477
16
22
22
27
15
22
507
28
535
518
16
510
535
478
471
12
500
29
11
17
482
475
524
492
509
13
521
506
480
479
23
17
30
509
482
485
12
466
547
531
39
483
472
490
18
24
14
11
488
546
492
480
23
479
548
540
499
15
516
487
510
504
17
505
488
460
495
501
510
540
482
504
543
502
37
12
536
498
485
476
20
514
21
15
18
18
12
534
488
14
493
476
497
502
486
19
492
14
496
18
22
14
502
480
487
39
20
23
38
525
542
517
19
489
513
513
497
12
489
522
509
503
498
482
540
504
514
11
467
91
497
19
518
17
518
29
17
525
47
486
522
499
14
481
513
501
14
509
13
25
497
523
507
21
15
490
15
37
490
504
23
498
23
524
14
20
11
485
12
510
507
524
15
512
464
517
23
488
41
500
486
460
521
524
11
15
488
12
36
21
12
501
550
11
524
13
498
11
511
13
523
37
528
478
18
515
550
541
15
489
28
509
16
480
30
547
15
13
13
496
520
29
483
500
13
548
490
16
512
514
515
526
514
508
516
14
13
16
533
523
552
19
518
504
523
533
21
50
12
508
484
493
533
528
524
533
519
17
540
502
15
517
27
485
484
502
466
501
524
474
492
493
531
525
488
12
501
507
16
498
513
501
510
13
538
18
30
478
496
473
529
466
486
549
500
44
14
478
540
487
503
22
12
533
502
515
20
40
16
529
14
509
494
12
473
82
500
17
547
15
533
484
16
484
512
14
14
13
528
38
20
18
593
69
778
625
595
590
515
523
14
43
37
510
23
534
19
521
494
494
526
514
21
454
18
578
545
14
21
544
509
512
523
465
450
525
21
497
504
471
496
468
510
485
497
528
482
27
17
490
474
476
14
492
522
462
479
516
550
13
501
12
513
13
17
500
508
476
12
542
509
14
539
29
530
503
18
494
17
46
70
523
476
485
519
35
77
16
488
15
513
18
487
501
463
512
526
476
470
491
12
492
495
526
16
542
512
506
18
530
487
490
22
498
12
551
512
13
500
514
517
494
510
500
474
512
16
512
24
43
30
506
17
507
520
16
33
521
517
501
18
495
16
502
27
518
525
17
530
503
511
523
440
15
16
21
553
544
489
507
16
66
14
14
14
514
78
508
18
542
488
477
14
533
478
12
511
499
468
462
513
32
16
22
480
479
491
484
492
19
18
15
533
11
558
34
13
40
523
493
24
471
23
520
46
506
11
22
506
546
18
499
13
14
15
471
11
82
517
504
501
476
504
477
530
516
16
488
61
11
513
15
13
501
501
547
12
549
478
500
475
16
13
531
514
527
19
504
494
500
493
540
18
504
47
540
700
41
513
524
497
13
22
54
35
506
43
502
23
549
477
511
17
27
523
541
16
522
14
509
21
53
507
15
523
492
507
507
534
500
481
532
544
28
15
499
518
48
86
539
503
16
474
553
515
501
532
522
33
12
521
18
476
22
476
28
476
525
533
27
22
541
32
12
474
467
534
512
503
517
11
512
485
506
17
537
496
15
498
549
37
21
14
547
474
467
529
14
500
510
483
518
48
543
522
509
12
485
498
20
17
496
14
506
541
500
15
531
490
520
475
465
463
530
17
521
14
534
505
20
14
503
14
522
485
507
497
15
492
486
17
11
15
17
23
63
30
15
491
501
16
474
27
54
504
487
494
490
482
489
519
28
479
488
543
472
513
538
22
13
500
18
17
53
537
39
513
30
542
11
485
502
467
522
11
510
480
506
473
43
516
30
16
16
23
484
514
508
486
493
14
511
515
527
492
479
498
496
25
501
41
481
530
501
494
526
534
477
522
510
541
508
502
529
492
502
17
482
504
507
496
480
517
510
467
17
516
39
41
474
25
508
18
26
539
489
533
14
12
502
56
546
13
31
23
550
16
517
19
497
488
505
60
508
13
509
500
500
495
41
473
12
539
511
11
12
21
506
21
491
19
505
516
509
9
502
15
18
490
16
17
14
20
470
495
493
488
522
524
500
16
498
17
528
492
493
14
543
522
508
507
511
486
482
494
13
533
496
18
23
507
536
515
516
492
505
499
37
29
13
477
20
520
494
14
526
12
13
488
726
615
23
573
553
23
546
14
497
510
483
498
505
540
500
528
489
54
15
517
519
521
539
514
520
521
497
24
532
515
14
493
502
13
504
20
501
510
495
14
17
500
19
16
16
473
56
21
523
513
17
538
475
492
33
511
522
544
28
15
20
495
503
494
498
496
506
509
504
493
512
507
17
26
14
497
484
21
22
499
528
537
19
504
514
15
500
19
501
18
470
17
13
486
509
486
15
474
495
14
512
533
13
22
485
489
16
474
493
486
529
22
510
492
551
58
486
12
497
506
534
521
528
511
50
520
487
14
15
500
23
19
511
29
26
23
44
21
504
492
507
539
534
545
547
16
483
487
12
11
23
519
67
17
501
23
523
480
15
462
15
471
510
496
511
499
507
466
13
20
497
489
17
471
15
524
474
531
15
519
519
529
15
29
498
506
21
512
27
12
501
13
22
493
507
490
18
11
461
473
16
15
499
12
13
503
495
38
500
521
526
11
530
511
543
30
498
513
20
482
476
510
38
486
13
21
485
30
14
494
512
27
12
37
14
471
13
475
499
527
13
492
531
493
111
520
27
520
15
12
14
23
43
518
23
28
543
38
16
15
36
512
16
546
479
500
13
488
472
503
501
523
501
13
513
514
487
501
17
520
18
14
14
12
505
16
22
16
506
16
13
24
528
484
472
16
531
516
500
506
15
14
498
511
17
460
23
27
481
471
495
13
471
513
543
13
529
469
11
535
29
30
31
503
517
526
512
490
502
485
520
536
22
525
477
457
45
58
482
530
18
488
484
527
524
495
520
488
503
477
18
482
542
500
17
12
20
473
516
500
515
20
509
493
489
546
25
493
479
493
502
477
513
771
17
13
507
497
11
474
501
20
489
466
508
25
520
16
498
23
479
15
524
472
529
14
507
479
490
480
530
531
472
516
13
484
28
12
535
498
38
498
514
512
43
515
534
534
27
491
538
495
15
513
14
17
500
23
527
520
460
464
487
15
12
497
26
512
495
520
527
521
531
15
551
46
33
510
486
470
495
503
29
15
527
499
475
508
467
511
503
15
501
504
510
544
14
12
482
15
496
465
506
483
18
17
36
522
499
468
481
499
17
503
501
484
502
521
14
488
509
526
481
16
542
479
11
39
23
22
532
15
500
16
15
40
524
518
537
526
516
531
501
480
20
15
14
524
510
505
13
499
33
26
23
499
478
479
497
14
496
27
20
461
485
523
526
17
500
491
520
524
503
28
539
17
510
490
465
500
495
520
13
505
488
491
538
35
12
472
503
15
530
17
478
12
533
532
17
468
13
445
480
486
22
520
11
514
502
14
20
512
25
23
486
13
470
54
17
485
11
481
516
504
512
22
23
14
484
19
511
22
535
521
508
493
512
467
503
15
496
472
21
15
546
12
519
502
21
521
474
510
25
29
476
501
513
475
14
513
520
486
510
524
25
498
502
484
491
516
494
523
30
15
540
540
531
531
482
20
506
488
17
17
14
23
15
483
43
476
19
519
545
504
472
514
15
18
507
511
45
39
501
498
483
75
17
491
505
11
12
474
15
28
556
502
555
18
542
523
539
17
16
513
28
474
506
508
493
14
44
465
514
518
517
468
487
78
512
12
506
13
519
14
30
57
520
14
34
508
508
480
519
518
514
509
494
20
528
14
22
13
513
88
505
15
512
545
530
507
504
499
11
545
513
508
17
14
503
513
490
40
486
507
532
495
17
521
26
504
543
492
493
539
11
523
501
530
489
534
47
494
27
13
464
13
14
476
40
11
501
519
17
11
27
497
487
43
14
500
504
508
59
480
546
508
479
14
504
13
526
499
22
492
527
479
523
23
55
484
516
508
479
466
510
500
480
496
504
502
549
542
482
14
493
41
18
545
497
488
500
478
543
43
510
44
484
16
503
500
19
491
80
511
729
46
557
512
494
504
18
512
502
485
21
77
522
464
14
14
29
493
24
547
516
15
508
491
565
532
15
503
516
514
486
18
496
23
487
11
529
482
468
40
536
521
508
504
484
480
480
486
480
540
516
477
31
514
551
494
485
11
18
11
30
546
522
15
558
20
515
514
89
13
530
541
18
15
478
542
13
491
486
521
19
22
25
18
508
490
512
20
11
13
28
14
506
512
13
482
499
17
23
498
13
15
14
15
496
487
544
20
496
487
482
26
501
20
13
486
14
465
30
514
464
501
56
14
531
15
521
529
531
13
519
600
58
590
584
516
512
496
469
473
516
27
500
13
37
14
15
19
44
495
542
536
545
21
530
18
523
492
507
515
56
68
19
66
514
500
20
511
16
28
555
534
42
545
32
563
543
526
514
522
14
520
504
502
16
509
497
14
528
497
15
483
502
493
39
476
477
468
538
527
523
54
14
532
23
15
35
510
15
11
499
17
27
54
17
493
522
20
487
513
61
15
488
16
12
489
528
460
488
484
17
40
18
11
485
14
14
507
492
22
487
507
17
505
15
14
529
480
509
517
520
507
511
526
489
18
516
530
500
12
17
14
468
39
19
495
13
29
482
490
507
503
16
18
507
35
20
472
22
524
503
499
532
494
469
490
27
13
33
499
41
15
467
493
15
459
21
503
17
520
510
14
527
533
478
502
13
15
533
13
490
14
23
504
499
514
483
15
27
14
506
469
492
513
495
12
516
481
496
11
483
532
529
515
472
479
517
522
16
519
486
498
510
14
482
29
38
501
459
14
524
501
495
22
37
492
496
511
18
26
14
498
15
17
11
486
507
14
23
13
522
515
523
532
492
459
14
517
529
16
515
14
517
13
484
17
14
37
520
520
16
502
519
477
492
17
15
528
518
23
504
496
522
505
473
16
486
17
507
17
468
13
467
535
20
493
539
483
540
18
14
13
27
532
508
45
16
466
14
514
494
500
17
509
507
519
500
524
485
16
535
521
532
513
486
481
477
16
18
522
12
18
15
511
13
521
534
481
44
471
504
26
519
523
542
533
531
33
475
14
18
14
489
479
23
485
498
51
497
512
12
514
498
17
545
527
467
470
14
16
479
542
550
493
486
509
21
41
666
654
498
502
27
512
26
506
18
494
460
531
14
511
488
13
487
16
503
506
494
538
14
465
518
514
475
23
534
480
505
510
26
492
23
499
510
70
14
494
42
17
14
12
496
15
13
524
526
511
13
14
15
12
518
499
516
548
515
16
484
17
481
489
16
514
474
500
515
39
515
511
478
19
500
512
489
482
489
533
510
15
14
521
523
14
511
515
493
470
14
523
497
481
16
516
13
468
481
15
474
487
510
487
501
502
463
484
13
490
543
540
542
12
23
547
474
14
15
15
496
13
13
508
487
17
12
13
17
17
513
34
511
482
514
548
517
51
494
525
15
21
518
13
73
481
515
500
504
538
474
13
493
18
12
515
500
517
506
484
12
508
478
12
483
15
505
528
44
28
12
19
17
506
487
504
510
44
519
487
519
541
491
38
504
490
21
518
13
508
23
536
44
11
493
463
483
487
519
502
547
476
532
501
495
478
476
494
482
487
546
15
498
476
508
14
25
500
481
541
28
23
541
18
491
530
37
18
14
483
509
489
529
13
509
475
526
36
541
528
11
488
20
484
45
20
557
520
507
65
22
30
498
531
537
521
500
14
499
13
13
517
521
15
488
529
497
509
14
519
543
495
15
12
483
18
115
14
514
18
17
13
504
487
511
18
14
528
533
24
16
503
15
17
19
509
15
15
502
25
12
496
21
508
13
508
478
502
13
18
24
517
14
15
14
29
525
517
504
17
13
551
494
543
507
15
15
14
536
12
20
499
530
524
476
526
20
22
482
13
17
462
497
21
472
506
523
10
19
491
519
24
504
523
22
17
17
36
509
541
33
13
13
527
14
14
508
12
466
482
492
20
507
495
513
502
504
539
44
515
482
543
18
15
533
519
498
548
56
506
14
481
552
484
15
496
496
497
22
523
12
477
502
499
18
504
523
28
53
52
523
517
18
513
13
78
28
516
11
523
11
481
12
489
464
21
495
507
509
505
513
492
506
493
29
35
25
489
523
500
501
493
15
478
508
11
487
536
22
498
521
25
487
509
517
12
491
520
537
56
533
43
16
493
39
18
515
24
522
506
526
502
18
22
497
510
541
522
518
514
17
13
502
518
541
17
14
40
506
502
493
12
11
523
493
710
52
532
527
513
18
542
16
480
544
548
507
513
34
520
506
16
481
48
517
46
479
515
526
501
505
40
510
530
477
463
13
501
15
519
503
17
501
479
531
489
103
15
20
419
495
503
479
499
13
494
496
499
474
80
15
496
16
15
464
518
512
25
16
503
488
15
533
518
475
539
506
524
506
534
15
462
11
499
66
496
473
488
525
550
509
507
476
512
18
492
23
491
506
490
500
499
14
24
491
520
524
497
531
507
507
15
30
525
517
17
33
483
510
479
14
514
510
532
515
11
21
505
510
495
528
14
535
505
529
502
466
493
13
499
477
15
496
529
500
14
28
503
498
13
507
482
12
14
507
16
496
500
499
25
18
476
42
15
474
493
42
16
50
16
498
510
15
27
15
16
13
17
13
518
509
525
528
14
525
518
509
516
510
540
498
491
503
505
11
15
15
479
504
11
479
527
516
488
468
13
507
37
22
27
485
11
17
501
526
492
528
502
15
22
475
17
504
501
12
490
529
513
26
14
21
507
484
470
30
14
507
480
521
17
526
512
525
16
510
28
514
14
518
538
512
13
494
512
515
14
518
16
522
494
433
474
13
33
483
497
14
473
18
13
499
490
56
40
508
15
507
18
506
16
519
480
504
29
511
488
504
16
476
526
517
514
522
16
515
21
15
12
27
530
11
11
13
482
18
20
11
470
13
503
546
524
15
533
43
15
539
14
502
22
495
496
11
15
485
516
11
531
22
22
475
503
519
17
17
477
517
503
12
33
499
17
523
16
14
562
475
30
14
39
14
514
516
463
483
529
488
505
512
505
16
530
505
470
12
502
24
18
489
491
486
490
28
21
536
524
20
479
507
514
15
16
534
541
513
17
16
507
16
15
473
524
482
23
480
17
21
15
506
544
504
502
15
482
13
16
16
498
540
11
14
28
499
498
22
480
461
41
516
13
17
485
487
519
492
506
547
491
531
483
18
523
513
526
495
489
21
529
44
470
37
497
14
482
497
540
537
475
16
13
467
499
533
493
489
476
494
505
469
520
546
12
515
508
502
514
492
519
486
22
17
19
491
474
57
11
41
27
21
21
16
461
481
526
15
501
536
519
22
535
509
469
498
511
504
512
524
508
499
525
46
503
10
482
20
513
17
514
33
504
516
500
501
536
487
15
17
511
530
514
507
510
13
15
466
12
533
13
41
502
501
26
15
468
500
522
20
15
504
515
515
15
25
14
516
490
53
520
512
510
507
13
547
498
460
20
13
486
54
542
14
504
484
492
472
13
519
503
14
523
486
18
496
472
482
14
17
27
39
500
474
494
12
503
473
464
13
468
505
509
17
519
507
13
480
17
22
509
14
469
11
14
488
487
18
11
519
12
498
667
555
553
15
500
501
485
21
483
516
36
485
508
481
38
18
34
483
498
492
519
514
599
41
17
16
63
24
14
16
67
515
14
14
15
23
498
17
489
506
512
490
493
15
502
15
511
13
515
29
481
518
441
12
490
490
519
482
23
486
26
13
20
507
22
502
530
488
489
13
533
541
14
14
12
463
473
35
489
502
533
510
41
507
532
17
512
490
506
488
468
12
15
512
492
502
498
491
471
18
468
13
524
485
71
510
35
16
17
488
17
517
14
17
526
514
21
497
13
466
14
12
22
497
498
513
13
493
515
518
520
504
538
14
516
527
468
79
467
506
501
18
522
529
496
507
14
512
485
486
11
467
484
14
16
23
469
510
17
15
528
481
20
522
491
31
526
530
495
549
16
524
487
24
504
547
71
481
536
19
506
558
498
484
14
540
480
487
507
528
495
497
540
505
492
14
511
515
30
508
476
521
17
13
512
504
471
15
73
15
16
501
501
497
515
19
518
489
28
15
501
488
15
15
541
508
24
486
500
497
536
484
498
541
498
486
503
17
13
497
486
506
530
13
37
38
501
19
24
474
22
13
519
23
469
14
483
510
473
510
12
16
465
488
27
500
504
490
471
492
12
492
504
17
13
504
55
512
522
516
531
492
518
493
508
14
519
496
506
484
16
14
55
14
499
40
495
499
480
12
14
16
520
12
494
15
488
11
15
70
524
11
490
39
18
520
496
538
521
13
540
506
467
14
17
513
495
14
490
17
510
531
524
511
473
514
521
511
530
517
17
496
515
474
519
518
496
24
518
547
510
509
497
538
463
502
20
12
492
488
23
470
505
14
509
700
558
536
18
503
532
501
40
516
24
513
18
37
13
514
14
484
12
16
511
495
13
15
17
494
532
511
500
37
534
15
522
492
14
514
487
490
17
522
496
13
14
515
15
482
528
18
497
507
499
15
17
12
511
16
488
13
506
533
14
499
508
496
527
464
13
516
12
13
84
473
28
460
16
16
512
28
519
510
15
499
558
521
518
503
92
14
499
40
498
12
506
11
496
16
13
535
501
514
41
504
13
24
13
11
41
494
496
536
14
11
16
534
544
20
13
519
499
13
490
14
476
37
521
479
12
509
14
479
507
57
498
22
530
27
477
486
481
509
513
535
478
492
502
472
24
477
18
499
14
534
480
498
13
12
472
17
494
472
537
22
534
21
519
518
486
511
501
511
526
15
22
495
512
539
486
18
12
489
550
499
14
472
504
12
489
14
504
518
13
515
545
479
489
520
489
32
12
518
509
42
481
15
13
521
480
504
27
18
483
480
30
490
507
489
477
471
508
506
30
37
59
18
541
541
510
56
489
48
18
508
529
494
17
500
16
519
45
547
18
479
514
496
24
16
541
13
25
531
507
39
13
29
496
513
481
528
14
27
500
53
20
501
496
18
17
28
502
23
516
27
471
472
509
497
490
18
503
516
539
485
531
532
477
16
502
465
505
521
506
518
14
496
493
475
11
504
525
13
34
489
15
463
490
518
463
505
467
501
477
17
522
530
27
482
48
23
497
13
22
498
476
486
499
527
14
510
532
515
12
463
519
14
553
490
15
462
492
485
486
502
15
34
496
508
510
42
463
19
496
12
506
498
465
13
93
488
518
519
521
15
504
516
488
483
21
520
17
14
517
504
519
19
512
15
483
62
15
23
484
504
507
510
499
14
12
495
502
16
505
14
14
547
541
535
12
16
13
498
503
505
13
17
510
514
35
517
20
491
14
104
493
480
59
516
14
33
15
23
477
18
508
488
17
484
462
503
495
465
15
15
37
480
23
15
509
497
501
11
476
521
489
507
541
498
17
528
527
17
27
476
467
492
26
26
14
485
15
24
478
12
511
13
485
499
16
19
487
500
528
13
480
483
516
475
515
489
13
11
479
35
17
11
468
12
12
520
496
20
470
489
501
469
37
13
20
490
526
17
524
509
538
37
799
521
521
475
12
524
17
37
502
531
498
486
13
15
470
505
530
506
509
486
11
27
493
14
513
509
19
469
15
486
528
516
468
12
479
481
31
28
497
496
522
537
13
487
506
498
471
499
540
17
39
496
496
13
523
517
13
485
528
28
514
510
493
35
534
485
514
16
525
15
514
532
514
517
82
482
497
16
13
507
520
521
23
16
485
523
468
480
504
470
22
466
478
463
517
537
466
512
514
491
11
33
480
496
520
525
14
514
34
37
13
533
513
11
22
475
15
519
11
37
499
543
15
493
463
15
21
13
541
13
494
504
505
468
491
24
498
471
38
476
519
493
17
14
20
22
13
470
506
21
17
500
513
518
17
504
511
476
13
487
505
12
23
23
536
13
551
520
13
537
503
475
517
482
12
498
494
14
477
471
489
508
14
486
535
500
13
507
494
506
13
504
12
520
14
508
524
17
508
18
488
482
526
31
70
504
486
486
14
503
527
35
43
483
541
508
23
15
31
508
13
497
522
530
56
522
499
59
77
14
18
510
529
15
534
493
14
38
528
524
507
524
18
546
504
23
497
16
486
18
500
526
539
495
16
496
21
492
472
530
521
504
41
38
513
21
35
24
512
53
523
528
512
523
500
16
17
533
535
502
498
522
537
16
492
479
478
487
477
516
14
469
482
18
505
468
493
497
514
483
506
488
18
527
536
530
555
503
19
13
21
14
12
547
482
518
494
12
493
519
466
488
497
541
492
508
15
505
503
14
16
500
518
14
21
482
475
517
15
510
16
469
17
29
479
482
520
504
508
514
10
27
487
18
504
45
456
505
13
485
513
13
507
523
473
543
14
13
18
529
552
15
500
495
28
497
492
494
500
516
36
14
511
482
14
503
514
502
20
527
479
528
58
14
16
17
489
527
13
490
477
500
511
504
520
517
17
469
15
15
502
522
24
14
489
506
510
496
510
504
502
59
473
487
514
24
13
509
37
506
14
469
13
470
526
489
21
534
28
23
513
493
475
503
432
505
499
486
519
485
534
491
521
522
524
506
492
520
463
516
516
29
14
484
648
586
487
497
497
13
494
16
30
508
498
549
14
526
27
496
499
475
484
13
499
504
526
480
514
539
20
517
16
518
530
527
516
19
480
36
489
524
473
12
487
505
511
497
501
510
12
15
535
16
517
526
505
530
12
23
16
477
487
536
522
11
527
534
33
17
485
510
14
554
22
11
14
94
16
534
471
491
14
14
530
537
503
15
510
510
508
507
465
501
468
19
16
506
478
499
492
540
473
16
18
505
522
13
516
499
496
529
516
502
490
515
12
510
17
27
507
14
44
502
13
14
515
14
467
494
469
487
499
27
513
510
507
519
546
516
493
515
53
519
474
14
35
521
537
498
22
509
518
484
521
495
500
22
19
527
468
482
483
502
506
502
501
500
473
493
16
485
501
492
504
497
23
28
519
15
23
14
71
529
482
498
16
14
539
501
516
16
17
523
13
520
494
15
536
522
523
22
11
493
530
501
15
491
26
495
516
31
478
495
22
23
515
485
512
45
522
509
30
486
457
502
494
541
498
533
466
521
496
527
15
500
12
501
514
18
481
12
497
11
13
514
477
14
519
14
527
482
512
491
476
33
491
480
12
505
519
501
12
15
503
14
468
487
13
21
515
14
509
12
529
501
513
28
502
537
13
20
93
33
533
11
64
22
520
23
19
11
25
529
21
27
533
504
15
503
474
17
502
504
20
514
507
32
483
17
13
505
14
527
495
507
34
14
496
503
497
12
530
13
16
19
488
493
537
544
526
500
17
27
460
15
487
508
21
534
482
541
28
504
507
12
462
17
484
490
548
11
516
23
20
17
18
12
498
13
502
468
460
13
17
494
492
506
537
448
56
475
496
529
37
541
539
499
494
14
519
11
11
477
503
489
13
472
499
30
17
547
507
490
507
13
17
529
537
29
482
503
467
465
11
475
551
23
507
508
524
23
531
489
15
511
496
506
519
516
15
14
509
491
14
13
14
477
22
20
471
42
494
521
517
551
12
15
473
17
511
522
508
523
15
13
481
493
489
510
531
18
37
523
518
40
12
507
15
499
529
512
516
533
20
540
19
477
16
488
18
496
12
542
39
503
15
29
23
529
37
524
13
519
510
533
28
678
29
518
509
18
13
500
515
14
468
530
13
506
496
542
529
496
13
17
508
520
499
29
505
17
528
518
12
513
502
497
528
13
528
477
18
62
506
508
527
29
524
466
526
13
543
535
544
509
473
470
15
499
15
14
12
525
14
485
496
488
527
523
14
515
498
507
20
496
479
511
18
474
21
518
542
522
531
17
505
495
528
545
474
19
526
12
489
481
17
493
525
115
13
501
483
39
496
18
502
492
11
518
13
476
533
483
511
511
13
505
15
499
487
480
499
16
495
550
529
496
16
518
18
479
483
11
502
490
489
505
490
472
492
507
500
15
478
532
482
478
16
512
59
496
23
537
486
524
500
492
545
526
530
13
494
19
488
12
527
16
497
501
14
21
508
533
18
480
519
529
510
14
510
487
503
548
496
505
472
512
501
500
471
53
22
486
490
497
531
16
25
516
23
13
511
516
474
487
106
570
844
511
61
525
497
506
18
518
27
19
12
505
27
28
13
533
557
38
509
15
503
30
516
17
465
13
492
552
505
23
18
48
514
15
520
14
12
16
510
16
517
22
491
524
533
508
479
471
497
23
15
43
27
513
481
492
22
526
10
512
483
510
11
15
16
484
487
502
488
505
537
535
15
473
506
530
21
13
502
14
475
14
491
547
473
528
538
502
511
499
501
48
528
533
15
518
11
14
486
41
35
17
501
14
22
504
467
481
23
559
491
534
19
506
19
40
488
16
518
24
537
18
494
522
491
514
525
513
500
526
23
22
18
41
72
45
496
529
495
540
525
472
522
501
14
17
534
43
15
499
12
12
536
32
11
14
511
42
21
14
528
547
503
485
17
44
524
464
507
517
512
542
13
53
16
504
14
18
14
11
540
493
27
36
533
521
520
481
479
538
43
534
475
13
47
489
530
488
14
23
532
19
25
13
477
23
497
21
513
12
17
509
495
499
480
478
480
481
481
527
464
504
503
497
18
500
494
23
458
472
15
494
483
433
23
491
507
500
492
28
497
535
15
528
37
482
11
499
556
526
13
508
16
20
13
527
505
493
525
492
495
475
506
466
532
484
468
484
521
526
12
77
543
496
14
34
512
497
18
493
524
515
14
479
492
482
465
514
511
529
489
443
526
490
482
17
15
476
13
520
541
13
518
17
524
485
68
522
514
490
27
13
23
508
12
15
13
484
504
485
500
525
33
513
511
527
518
517
476
11
13
84
479
15
542
13
514
501
22
518
18
544
499
16
11
515
478
27
474
479
507
17
12
548
509
497
527
514
506
513
524
13
13
482
43
482
475
513
17
12
13
481
500
500
510
21
494
487
501
478
550
676
668
575
30
27
14
505
529
488
491
466
534
478
512
19
12
16
524
585
601
63
579
60
492
490
13
489
12
471
520
540
548
13
14
17
499
14
491
491
506
546
487
499
23
476
12
476
497
30
522
18
514
503
39
511
469
16
513
26
498
21
521
28
481
537
14
16
534
499
489
531
13
478
17
477
52
503
492
508
11
537
504
19
64
485
524
502
518
17
21
510
13
467
11
484
469
502
17
525
22
490
12
463
33
497
16
17
495
505
11
17
543
514
469
521
78
472
12
508
535
509
516
26
32
501
492
504
531
511
536
13
23
534
14
12
515
535
505
484
511
487
16
511
67
484
17
479
55
519
58
531
529
16
483
22
500
22
505
35
498
501
504
15
18
504
15
508
519
500
517
504
528
461
495
19
497
12
498
12
533
505
23
16
509
503
14
491
519
524
14
507
478
32
495
471
547
56
511
507
477
515
13
25
20
16
527
466
518
480
482
532
509
518
465
507
523
11
20
61
494
475
478
533
507
534
12
27
43
528
23
12
542
16
25
488
530
20
524
15
465
33
14
38
497
68
41
521
15
535
503
518
533
526
14
549
494
484
525
486
13
519
536
20
12
44
512
506
521
13
517
488
511
521
527
532
507
13
540
515
12
36
16
520
11
68
532
11
508
14
474
526
515
476
13
513
19
17
505
508
497
23
547
18
495
20
466
499
501
477
19
15
477
16
506
492
510
15
23
508
505
478
14
17
17
522
29
546
471
500
19
515
15
12
48
15
510
54
523
494
522
490
513
510
535
481
500
22
482
509
501
18
532
476
23
16
16
484
535
541
69
16
513
23
485
496
16
120
13
490
505
523
36
756
524
93
13
546
527
503
490
545
14
504
83
521
495
537
526
64
30
36
494
57
543
487
519
481
498
510
507
539
16
491
519
518
26
14
498
522
492
23
23
484
17
15
485
506
12
527
13
523
534
18
497
483
512
513
515
483
492
527
24
497
515
548
493
15
17
25
16
505
513
523
13
506
498
510
508
502
41
514
480
529
505
502
493
28
513
476
482
503
67
68
540
25
496
507
512
29
476
513
23
482
18
496
532
534
34
18
28
13
18
526
18
515
530
486
497
13
550
518
14
13
511
543
485
512
14
506
522
15
549
481
15
16
17
508
517
522
462
30
17
521
11
529
502
508
21
15
523
513
14
504
14
474
528
502
19
15
39
513
23
28
503
515
543
520
14
19
505
47
476
503
14
16
505
14
507
537
74
21
18
514
496
516
18
470
497
524
15
14
487
16
17
487
33
14
480
493
475
15
506
511
488
522
497
474
15
17
497
532
28
17
29
542
480
11
491
503
530
488
13
510
482
525
475
21
483
520
11
15
18
14
487
499
15
500
38
529
509
502
482
538
503
24
502
476
477
526
520
490
515
501
532
549
511
489
483
499
13
511
521
15
13
18
51
17
476
486
493
498
17
544
541
529
530
528
480
474
511
503
47
474
520
501
488
525
16
518
475
503
494
18
485
21
12
29
493
511
512
509
11
20
461
476
508
537
18
17
18
14
488
485
505
520
31
510
480
513
527
500
520
487
32
506
480
498
13
502
499
505
17
540
14
516
18
24
25
479
16
469
11
511
503
500
514
13
16
481
502
521
15
15
83
15
512
15
502
495
532
544
518
16
470
552
490
497
16
484
487
56
43
486
478
39
21
477
499
529
13
513
499
500
482
466
481
29
521
493
21
541
13
508
545
15
14
478
481
37
504
486
500
506
39
508
27
527
498
13
21
21
533
470
13
498
468
520
442
534
500
490
13
489
525
501
484
546
13
501
18
14
490
14
13
14
520
16
14
514
491
483
516
15
55
22
489
486
500
48
23
479
503
481
15
478
502
533
496
537
541
527
486
43
514
15
15
14
502
485
497
13
23
22
24
506
26
515
495
495
15
507
479
516
507
534
528
526
526
465
11
538
23
518
508
474
14
527
20
485
495
34
18
14
488
507
13
521
477
499
23
15
540
13
480
17
41
540
18
12
492
479
13
512
16
21
14
527
504
38
15
494
527
516
515
12
23
12
23
481
530
491
520
21
548
13
512
475
496
21
517
535
470
27
461
15
487
21
472
18
523
534
535
21
16
35
477
472
499
508
476
502
50
501
522
57
15
508
523
490
489
532
14
512
496
54
686
644
24
567
546
30
551
16
519
487
478
508
31
21
523
480
14
46
488
516
507
538
506
508
496
478
500
494
17
512
499
532
530
12
511
500
506
486
491
537
525
13
516
511
474
489
516
28
486
16
17
505
523
506
531
484
509
492
17
526
14
503
498
506
530
512
41
531
57
24
516
527
495
15
14
23
23
505
492
21
488
17
13
509
501
465
9
501
527
469
489
37
13
510
14
529
17
477
12
487
477
18
503
537
470
13
487
11
501
535
497
499
14
38
23
34
517
501
530
518
522
35
13
557
522
502
535
493
481
14
471
524
11
15
507
494
526
18
504
521
13
19
12
492
486
512
17
27
15
486
22
531
492
487
521
494
20
14
496
13
484
463
13
497
497
24
502
484
14
10
550
509
482
536
505
528
479
507
490
523
532
11
25
527
468
446
471
489
44
499
493
14
502
499
14
522
500
495
537
11
503
493
504
17
511
11
11
502
465
515
13
15
476
483
499
503
27
16
14
504
15
526
493
493
497
18
16
14
14
11
540
499
23
491
513
492
506
18
495
22
38
508
16
483
11
461
12
525
17
478
508
506
41
15
16
15
505
501
537
23
509
518
15
506
487
483
520
540
491
485
525
504
15
505
19
481
539
505
20
17
479
11
482
525
55
492
511
493
512
522
506
12
496
507
538
534
13
490
496
499
506
514
21
514
24
509
490
502
20
18
474
32
13
15
12
481
19
13
467
25
36
41
486
490
13
485
501
529
13
15
480
51
523
485
523
13
483
512
498
12
549
480
533
528
521
510
24
14
15
43
532
37
485
501
15
14
506
19
13
480
13
534
478
507
491
23
535
500
542
21
490
646
43
21
582
45
16
515
515
497
480
20
545
507
16
510
518
46
476
541
508
514
513
20
16
549
522
27
500
540
56
27
29
497
515
28
14
511
28
493
500
14
501
497
17
15
506
92
483
473
519
483
489
12
525
18
48
538
477
75
492
12
493
486
542
39
508
531
16
472
520
497
24
519
14
481
522
516
18
469
28
482
40
513
14
490
519
467
517
18
517
15
488
55
495
13
32
494
13
16
79
13
470
33
482
486
513
14
538
14
33
509
14
528
546
488
548
12
14
494
24
489
13
64
12
512
21
15
527
11
491
15
490
33
518
505
544
509
494
52
535
18
30
506
46
501
519
470
499
17
543
71
472
531
487
508
507
490
524
17
13
540
16
505
16
28
36
475
537
15
13
21
58
513
10
523
478
475
479
479
490
535
13
526
495
540
479
520
512
515
503
53
12
476
508
11
20
12
498
525
521
13
503
16
18
547
512
41
18
498
552
540
504
12
538
491
501
30
512
18
486
489
488
12
12
533
14
491
514
498
470
475
516
520
11
477
481
479
488
13
427
44
481
491
515
502
518
483
13
18
480
503
493
513
514
13
497
533
524
542
477
525
30
541
513
12
506
23
493
544
505
507
13
505
469
11
487
496
58
515
472
15
25
41
486
497
471
510
497
15
21
15
517
77
518
476
18
500
508
512
16
524
42
545
22
14
503
492
510
507
15
477
488
508
14
11
511
492
521
515
16
495
13
25
482
461
528
499
502
543
521
505
17
481
503
489
486
502
16
16
515
492
540
12
512
495
18
17
517
497
488
19
491
514
533
488
27
530
495
530
15
29
507
495
14
494
485
498
19
23
13
537
494
517
496
486
500
531
510
12
537
499
43
492
527
18
493
506
487
489
501
14
11
17
13
17
490
15
23
14
22
480
18
17
482
529
507
13
29
56
487
26
525
487
14
12
498
512
16
501
11
22
14
544
530
476
523
495
519
29
39
509
11
502
516
469
19
501
14
11
495
492
15
512
489
504
510
510
15
514
498
491
504
13
479
21
11
14
504
20
518
15
505
487
89
496
466
520
525
500
481
504
22
37
499
516
28
59
15
481
13
483
532
20
508
15
13
13