535
1559
7004
540
7240
2609
2638
3607
14798
525
2633
1539
2303
1458
3706
1463
474
2412
2331
480
3767
2671
504
2543
3879
2671
2348
498
2358
2714
1625
540
1496
14951
2620
1522
15034
15101
2344
3922
646
7164
494
2431
532
1644
2537
1641
499
2421
485
2482
2558
14796
529
1619
1629
613
511
1620
2465
2783
1740
538
1798
3799
1579
2599
14964
15729
2481
1659
616
14921
1555
507
551
14818
1620
538
15017
1701
1665
7044
2488
1630
651
2631
499
2754
7105
15269
6990
3839
543
2857
1822
2734
7047
3801
1629
5439
1515
2620
1536
2651
1526
2614
2426
14985
16712
1444
501
14538
1447
14307
1498
1535
1486
1661
1471
2324
1606
532
1437
14897
6883
2418
525
1490
14979
1605
527
2687
546
3641
2615
2609
1521
14700
3626
482
3651
2638
14638
3892
507
2273
1460
14654
3839
526
1518
3724
14726
489
1532
2277
2473
1513
490
537
3646
3826
519
2327
6680
558
3643
581
2338
2585
3710
511
2308
480
2672
3168
1468
2609
2372
6698
3672
510
1438
1540
14798
5054
561
1576
6708
6665
493
1409
3580
507
14613
1461
565
1576
2327
14685
2564
1518
552
6706
1551
1484
1433
1541
1711
14589
6683
2427
535
515
1541
2604
1489
531
2309
6675
540
2581
520
14639
1504
14687
2612
1628
14650
2291
6748
1457
479
590
2294
1472
1537
1463
2656
1437
6675
1430
6681
533
1505
550
2341
2314
14825
6718
2527
521
1497
2521
2447
2546
2345
1603
2598
1465
525
6703
1461
557
6667
1555
2259
14744
2579
570
1474
14657
525
2390
1632
2562
3071
2327
1590
1609
509
2614
1619
1473
2349
1434
1497
2629
2837
14487
7024
3940
1513
1663
1441
1529
2324
1464
6580
6619
2703
3667
2337
14924
6853
1578
1742
2315
552
7088
1666
525
1588
556
560
574
7247
1760
1555
2453
2401
1434
2654
1557
2703
2364
1430
499
2531
14981
1469
1477
2268
1533
2261
4303
6812
2632
473
14855
2474
15024
3767
511
5051
2559
2370
1604
2328
1467
510
2465
595
2355
2656
2539
471
2362
4996
504
1383
6639
1472
2689
2669
3644
1447
2663
1681
562
563
2571
14406
14375
568
5099
14640
2560
1478
2456
2450
490
2279
2691
1777
7077
2401
3617
498
1535
528
1429
2293
552
6798
2611
2626
527
6723
6708
499
3660
521
615
1551
1392
510
1509
1511
579
3685
2633
2305
6738
6796
608
504
2590
2433
14641
1529
498
5136
1427
2337
2414
1475
2278
2637
16175
1569
5397
1466
6873
15125
1456
1449
503
4012
5239
521
1503
7001
520
6812
2604
2584
3598
14800
523
2657
1478
2278
1491
3730
1402
477
2454
3129
483
3938
2625
498
2547
3655
2615
2385
485
2389
2734
1594
593
1475
14819
2584
1520
15005
15043
2361
3896
644
6987
497
2376
514
1631
2542
1608
496
2364
470
2439
2602
14531
550
1608
1615
638
513
1620
2471
2779
1675
532
1795
3803
1536
2629
15000
15806
2528
1628
619
14858
1584
494
535
14520
1618
531
14999
1725
1694
7121
2462
1628
632
2568
507
2783
7005
14981
7013
3822
552
2825
1789
2753
7101
3825
1617
5334
1495
2799
1504
2715
1510
2638
2406
15051
14953
1548
500
14367
1390
14464
1493
1498
1485
1689
1528
2320
1602
515
1452
14895
7055
2343
519
1452
14944
1568
522
2669
544
3703
2579
2627
1495
14667
3583
493
3608
2625
14696
3885
503
2273
1472
14707
3802
523
1522
3663
14727
491
1497
2320
2501
1497
460
540
3651
3687
514
2265
6763
538
3690
555
2306
2571
3712
496
2305
472
2658
3139
1425
2608
2420
6635
3614
499
1462
1497
14683
5045
533
1573
6682
6734
502
1437
3637
495
14696
1464
565
1568
2293
14571
2589
1527
546
6694
1528
1482
1435
1504
1670
14679
6764
2409
521
513
1495
2568
1496
547
2316
6785
535
2651
501
14678
1478
14563
2636
1589
14535
2284
6665
1493
470
573
2253
1441
1544
1439
2644
1496
6733
1450
6664
552
1491
536
2375
2283
14671
6722
2528
519
1506
2533
2467
2548
2424
1558
2599
1453
523
6730
1458
557
6700
1564
2254
14664
2591
529
1454
14660
511
2466
1658
2573
3080
2261
1572
1609
533
2620
1604
1488
2401
1457
1501
2614
3065
14485
6904
3887
1490
2039
1485
1539
2286
1473
6646
6609
2673
3548
2548
14899
6810
1680
1698
2324
544
8131
1661
523
1588
574
530
609
6970
1493
1520
2765
2372
1440
2682
1600
2755
2425
1445
486
2514
15405
1466
1465
2220
1544
2263
4133
7037
2635
482
14835
2424
15958
3818
509
5092
2564
2431
1624
2354
1485
520
2386
583
2327
2654
2500
479
2323
4973
517
1374
6518
1485
2665
2828
3679
1478
2728
1628
592
623
2655
14748
14338
586
5048
14415
3073
1488
2492
2468
483
2314
2661
1680
7263
2360
3710
489
1559
533
1444
2301
562
6797
2663
2586
537
6733
6712
481
3656
498
602
1528
1417
533
1505
1519
555
3638
2670
2313
6778
6690
607
539
2548
2424
14827
1516
496
5032
1435
2307
2309
1406
2275
2600
16385
1512
5283
1665
6785
14778
1480
1438
487
3706
5709
533
1500
8732
534
6818
2559
2610
3653
14781
631
2736
1466
2235
1438
3729
1447
477
2376
2353
485
3698
2678
508
2500
3853
2587
2347
493
2351
2640
1618
544
1487
15061
2607
1524
14968
15043
2338
3978
659
6753
503
2395
521
1645
2540
1575
513
2400
486
2426
2657
14523
550
1598
1591
629
487
1588
2412
2797
1680
539
1815
3812
1576
2622
16516
15862
2526
1655
604
14888
1558
501
531
15628
1624
559
15443
1640
1634
7010
2464
1657
621
2562
499
2740
6987
15044
7095
3831
592
2810
1693
2758
7080
3852
1637
5315
1488
2622
1500
2716
1518
2596
2385
14921
15281
1471
485
14404
1446
14388
1481
1488
1480
1670
1500
2348
1588
528
1464
14963
7059
2409
527
1595
14928
1575
518
2693
548
3782
2596
2544
1486
14700
3613
481
3651
2615
14716
3867
505
2296
1482
14609
3879
564
1480
3659
14640
502
1514
2307
2451
1478
476
534
3705
3741
516
2299
6692
586
3653
563
2341
2591
3661
536
2279
444
2640
3181
1437
2560
2458
6716
3664
509
1431
1514
14662
5005
540
1542
6702
6733
507
1449
3619
497
14654
1488
571
1588
2293
14657
2595
1512
549
6665
1534
1476
1437
1499
1706
14816
6649
2455
529
507
1485
2520
1493
544
2270
6760
545
2596
511
14694
1485
14685
2620
1595
14669
2295
6664
1445
459
571
2273
1475
1537
1484
2602
1443
6689
1468
6681
512
1512
547
2342
2315
14812
6756
2533
553
1500
2571
2457
2519
2364
1552
2570
1435
520
6706
1441
558
6787
1562
2291
14682
2623
524
1483
14673
511
2454
1605
2563
3180
2262
1599
1607
502
2620
1608
1484
2413
1465
1526
2628
3512
14518
6603
4058
1465
1551
1457
1568
2285
1480
6602
6617
2915
3592
2577
14628
6892
1590
1740
2379
544
7154
1742
519
1574
575
522
564
7113
1499
1512
2307
2397
1447
2737
1565
2599
2398
1435
502
2529
15149
1460
1489
2311
1511
2284
4777
6798
2628
480
15003
2391
15244
3815
530
4998
2536
2387
1617
2307
1475
503
2393
562
2367
2686
2509
475
2292
4931
507
1448
6565
1488
2663
2681
3747
1457
2635
1615
572
657
2620
14539
14357
570
5053
14337
2444
1464
2477
2464
496
2287
2634
1584
7548
2428
3648
487
1518
520
1466
2346
550
6790
2736
2580
522
6749
6733
480
3656
486
626
1598
1384
506
1504
1543
543
3644
2595
2350
6645
6689
614
507
2594
2440
14657
1532
498
5224
1432
2272
2368
1443
2349
2538
14949
1606
5282
2978
6671
14757
1455
1471
498
3734
5028
530
1530
7014
534
6903
2545
2602
3632
15246
527
2555
1498
2268
1446
3729
1416
462
2384
2290
492
3682
2690
505
2539
3792
2617
2428
495
2450
2671
1631
557
1472
15063
2627
1517
14984
15041
2368
4002
631
7018
497
2408
529
1668
2551
1634
504
2350
472
2409
2701
14754
563
1726
1634
617
513
1590
2460
2783
1727
549
1809
3845
1561
2614
16503
15795
2568
1657
620
14832
1600
498
538
16703
1641
541
15163
1620
1677
7016
2642
1614
637
2606
518
2782
7059
14978
7051
3866
556
2770
1691
2747
7137
3844
1620
5320
1504
2632
1495
2725
1499
2591
2426
14899
14971
1452
482
14371
1403
14425
1447
1512
1485
1675
1508
2370
1601
525
1447
14987
6831
2339
518
1448
14899
1608
528
2651
542
3928
2580
2610
1475
14652
3562
489
3598
2636
14716
3914
497
2276
1482
14694
3815
500
1506
3656
14719
512
1511
2251
2532
1507
485
540
3663
3762
523
2301
6646
579
3654
567
2310
2578
3704
506
2300
471
2668
3149
1429
2585
2389
6673
3631
526
1458
1531
14724
4978
570
1539
6654
6657
508
1434
3693
504
14763
1486
558
1589
2309
14704
2541
1572
544
6731
1532
1495
1417
1514
1688
14728
6650
2423
502
518
1478
2534
1505
543
2289
6714
536
2608
518
14700
1477
14707
2585
1598
14575
2319
6753
1483
445
574
2256
1496
1543
1460
2626
1459
6705
1427
6680
527
1480
546
2368
2352
14772
6671
2573
520
1510
2571
2444
2562
2382
1559
2607
1454
512
6799
1446
581
6654
1559
2270
14755
2611
536
1481
14734
513
2395
1627
2552
3075
2301
1581
1622
510
2625
1639
1511
2386
1511
1504
2605
2636
14469
6667
4053
1492
1493
1456
1501
2306
1466
6608
6625
3222
3538
2390
14876
7005
1497
1733
2346
558
7065
1616
515
1552
556
520
577
6673
1524
1520
2256
2395
1496
2639
1589
2664
2467
1436
517
2531
15043
1473
1472
2305
1544
2245
3919
6871
2611
483
15353
2449
14939
3740
516
4932
2557
2461
1603
2317
1450
513
2383
565
2415
2759
2453
484
2369
4908
506
1518
6577
1507
2753
2602
3953
1466
2639
1598
601
869
2725
14422
14337
602
5069
14767
2550
1457
2454
2708
491
2362
2728
1666
7000
2357
3685
514
1559
518
1455
2303
536
6707
2644
2641
521
6788
6735
480
3652
482
611
1565
1406
491
1496
1537
542
3654
2638
2323
6680
6690
602
494
2572
2418
14658
1486
518
5295
1484
2567
2349
1417
2433
2675
14979
1540
5288
1448
6838
15860
1468
1466
489
3763
5118
528
1510
6835
533
6902
2609
2612
3587
16007
527
2520
1513
2308
1488
3740
1413
461
2366
2279
481
3703
2662
492
2558
3812
2616
2328
498
2450
2666
1601
540
1478
14934
2607
1548
14968
14681
2358
3951
636
7008
500
2377
528
1663
2515
1700
530
2493
476
2410
2628
14576
556
1619
1610
638
519
1605
2453
2842
1655
534
1794
3821
1555
2598
15367
15999
2475
1630
628
16531
1576
504
539
14506
1632
554
14901
1660
1650
6992
2458
1648
619
2606
498
2719
7013
14931
7035
3889
541
2803
1701
2783
7110
3803
1704
5387
1504
2632
1537
2647
1540
2613
2416
15189
14666
1456
558
14367
1418
14492
1487
1517
1480
1701
1510
2318
1584
525
1470
15002
6957
2330
520
1494
15033
1579
521
2672
532
3626
2588
2577
1483
14622
3592
473
3604
2668
14725
3940
498
2344
1508
14577
3875
506
1511
3642
14691
493
1526
2300
2468
1490
468
531
3658
3703
540
2321
6637
576
3697
566
2282
2586
3697
513
2285
477
2687
3143
1466
2553
2386
6694
3639
547
1408
1501
14711
5020
561
1543
6756
6719
505
1427
3616
495
14670
1458
564
1597
2371
14624
2562
1539
553
6652
1508
1476
1422
1489
1691
14697
6723
2413
522
527
1486
2553
1505
518
2329
6755
533
2615
503
14608
1530
14671
2618
1646
14668
2290
6681
1450
456
576
2269
1480
1548
1472
2629
1455
6693
1417
6703
524
1494
532
2346
2295
14749
6660
2548
525
1442
2576
2467
2569
2344
1557
2591
1448
540
6669
1442
565
6646
1532
2245
14726
2619
539
1450
14683
529
2454
1644
2566
3083
2279
1590
1611
528
2613
1609
1481
2397
1447
1504
2604
2591
15688
6964
3881
1539
1539
1462
1507
2280
1490
6658
6608
2927
3552
2323
15014
7013
1540
1719
2371
516
7195
1649
511
1627
574
531
550
7355
1540
1527
2269
2399
1582
2597
1575
2637
2444
1440
488
2543
14995
1470
1446
2316
1529
2248
3836
6777
2820
474
15778
2444
14864
3827
522
5008
2712
2395
1612
2304
1493
517
2465
563
2301
2658
2496
471
2314
4947
505
1471
6536
1560
2732
2679
3723
1485
2759
1579
590
866
2728
14508
14397
561
4980
14484
2417
1486
2465
3083
491
3057
2712
1593
6969
2365
3607
508
1518
523
1445
2267
542
6792
2642
2617
525
6810
6761
457
3651
488
612
1544
1385
492
1540
1540
531
3626
2568
2329
6718
6651
610
493
2581
2408
14659
1482
493
5389
1425
3263
2352
1440
2536
2778
14945
1528
5239
1493
7129
15720
1478
1471
496
3793
4935
524
1485
7049
523
6754
2570
2590
3612
15719
527
2540
1569
2267
1452
3690
1417
476
2327
2313
478
3903
2672
506
2514
3631
2584
2288
484
2489
2606
1619
521
1495
15048
2664
1524
15000
15146
2447
4021
631
6837
501
2416
524
1620
2579
1811
543
2516
475
2459
2616
14830
560
1574
1660
611
511
1583
2519
2829
1646
546
1791
3827
1536
2620
15222
16838
2507
1674
622
15928
1548
495
536
15408
1640
540
14923
1688
1652
7058
2559
1626
628
2616
503
2735
7070
14877
7217
3827
541
2775
1706
2741
7138
3819
1612
5379
1518
2586
1508
2636
1502
2595
2389
14907
14726
1462
499
14380
1377
14844
1494
1476
1481
1689
1488
2310
1629
576
1426
14960
6740
2350
505
1431
14891
1578
519
2707
537
3747
2631
2607
1503
14685
3604
475
3596
2624
14686
3828
497
2266
1490
14763
3873
516
1479
3671
14582
486
1523
2241
2525
1506
485
540
3709
3721
524
2285
6717
571
3641
572
2345
2559
3707
517
2289
485
2628
3112
1424
2572
2433
6643
3689
532
1421
1475
14648
5026
545
1571
6711
6677
511
1484
3611
501
14617
1467
569
1580
2337
14643
2571
1549
563
6678
1529
1538
1423
1514
1667
14654
6681
2380
524
506
1496
2546
1475
524
2272
6740
537
2548
497
14675
1490
14664
2607
1587
14730
2307
6638
1463
462
582
2289
1480
1538
1488
2595
1440
6678
1471
6689
527
1503
536
2326
2298
14813
6665
2580
510
1494
2540
2482
2555
2398
1569
2582
1458
522
6715
1480
569
6743
1588
2268
14641
2610
529
1473
14640
512
2394
1636
2571
3131
2233
1581
1561
518
2589
1575
1504
2363
1455
1481
2766
2570
14627
6907
3908
1447
1540
1474
1499
2252
1496
6615
6554
3252
3588
2384
14565
6834
1588
1763
2401
639
7015
1681
508
1609
571
530
548
6826
1519
1572
2282
2368
1472
2662
1563
2563
2417
1436
488
2547
15063
1455
1478
2252
1544
2259
3829
6759
2614
471
16024
2415
15462
3768
523
5075
2639
2401
1634
2323
1464
510
2418
557
2289
2687
2557
473
2351
4971
503
1391
6589
1512
2632
2574
3594
1441
2619
1730
664
956
2579
15071
14492
596
5124
14650
2489
1469
2425
3151
480
2381
2733
1595
6872
2456
3694
518
1549
504
1419
2348
540
6717
2611
2598
525
6783
6811
475
3645
493
609
1531
1430
517
1504
1524
539
3646
2885
2321
6698
6664
607
509
2600
2430
14626
1497
484
6433
1437
2425
2288
1447
2578
2623
15788
1581
5298
1440
6787
15053
1469
1467
525
3727
4998
520
1539
9524
514
6806
2551
2602
3635
15415
534
2673
1478
2270
1437
3660
1440
460
2400
2261
487
3812
2622
497
2463
3661
2616
2332
497
2534
2606
1599
534
1516
15265
2621
1509
15046
15416
2516
3911
641
6845
501
2414
528
1618
2590
1603
521
2420
483
2428
2600
14732
553
1622
1621
642
493
1606
2496
2758
1654
553
1778
3782
1577
2610
16385
15015
2484
1657
608
15159
1607
505
531
14449
1628
544
14960
1660
1625
7003
2497
1615
615
2590
514
2711
7050
14900
7234
3804
552
2793
1665
2788
7025
3814
1623
5384
1571
2579
1558
2632
1552
2608
2405
14829
15359
1496
494
14398
1410
15115
1487
1503
1496
1674
1500
2345
1595
537
1446
15075
6787
2304
514
1475
14958
1589
531
2652
521
3659
2603
2550
1506
14751
3624
487
3568
2646
14728
3893
495
2249
1456
14581
3808
533
1489
3684
14692
496
1526
2283
2469
1487
485
539
3666
3714
521
2290
6688
556
3688
565
2291
2565
3739
522
2325
510
2687
3174
1449
2596
2363
6682
3622
516
1435
1483
14651
4882
595
1547
6680
6659
498
1435
3623
504
14768
1492
552
1601
2304
14546
2550
1551
576
6678
1584
1507
1418
1506
1695
14741
6679
2435
524
503
1488
2528
1505
536
2270
6699
537
2619
506
14619
1468
14655
2645
1570
14625
2287
6699
1505
463
565
2243
1474
1559
1453
2605
1454
6715
1421
6750
509
1504
529
2369
2315
14760
6679
2545
517
1512
2537
2452
2529
2383
1560
2636
1460
517
6705
1451
569
6747
1551
2271
14773
2549
520
1427
14699
519
2417
1605
2566
3058
2304
1570
1627
531
2598
1600
1484
2348
1467
1492
2944
3314
15407
6679
4362
1500
1519
1470
1503
2296
1481
6689
6630
3027
3757
2420
14354
6930
1553
1686
3148
536
7096
1671
523
2675
588
533
580
6758
1565
1512
2256
2390
1736
2696
1547
2568
2363
1442
494
2549
14995
1458
1468
2231
1515
2366
3686
6751
2643
479
15298
2401
14630
3778
526
4992
2663
2396
1611
2297
1466
517
2536
557
2363
2860
2542
471
2345
4940
500
1403
6553
1489
2660
2608
3652
1455
2706
2133
607
857
2537
17045
14389
557
5079
14526
2444
1433
2464
2618
484
2385
2745
1648
6833
2378
3686
505
1532
519
1448
2292
560
6779
2624
2604
529
6754
6956
485
3641
496
616
1557
1420
489
1519
1556
541
3747
2629
2342
6707
6667
614
500
2561
2405
14588
1484
487
4963
1670
2522
2654
1420
2253
2662
14996
1537
6159
1648
6802
15289
1455
1465
518
3733
4976
528
1553
6801
536
6807
2617
2586
3747
14908
515
2811
1456
2259
1486
3732
1466
456
2338
2248
484
3968
2693
511
2411
3644
2647
2259
478
2412
2576
1615
530
1526
15039
2629
1517
14985
14875
2458
3824
634
6899
501
2424
529
1592
2526
1625
506
2447
481
2396
2658
14924
548
1615
1584
629
502
1572
2551
2799
1679
529
1814
3854
1541
2628
16293
15033
2495
1658
611
14446
1554
501
537
14501
1619
542
14912
1657
1672
6984
2474
1665
636
2590
507
3002
6998
14917
7051
3848
579
2799
1660
2741
6989
3831
1667
5367
1561
2803
1492
2673
1513
2603
2377
14797
14651
1461
495
14406
1417
15238
1505
1528
1456
1682
1517
2314
1612
527
1430
14710
6932
2331
512
1430
14878
1618
536
2672
529
3647
2603
2593
1488
14697
3631
486
3650
2640
14640
3888
514
2304
1500
14636
3857
508
1518
3664
14697
492
1542
2288
2505
1498
487
534
3650
3701
514
2295
6659
562
3665
557
2308
2566
3691
500
2295
459
2634
3085
1445
2555
2399
6673
3639
519
1450
1517
14669
5049
576
1551
6683
6727
510
1439
3608
506
14915
1507
561
1585
2330
14691
2589
1520
564
6685
1552
1505
1429
1495
1720
14716
6667
2416
516
523
1489
2568
1479
527
2306
6681
527
2616
491
14667
1495
14594
2608
1609
14700
2263
6595
1461
461
584
2235
1425
1539
1455
2620
1481
6642
1445
6713
537
1484
540
2368
2282
14684
6649
2593
511
1487
2557
2458
2569
2344
1563
2577
1447
528
6738
1441
547
6692
1579
2285
14692
2625
530
1497
14586
516
2433
1642
2537
3127
2300
1600
1597
548
2633
1594
1482
2388
1468
1551
2709
2578
15085
6661
4062
1526
1533
1439
1497
2305
1489
6706
7307
2792
3536
2424
14325
6910
1541
1701
2512
531
6996
1691
510
2177
557
529
587
6724
1584
1686
2253
2420
1669
2632
1606
2549
2397
1427
494
2533
14673
1477
1496
2231
1527
2718
3718
6841
2617
486
16186
2438
14590
3772
515
4947
2607
2399
1635
2317
1442
520
2421
584
2392
2654
2476
478
2340
4826
507
1446
6870
1525
2604
2566
3644
1457
2795
2022
616
541
2572
16846
14332
576
4996
14728
2410
1426
2436
2328
479
2401
2852
1595
6695
2350
3657
494
1533
511
1436
2315
548
6766
2587
2627
531
6824
6744
487
3659
500
618
1579
1413
538
1524
1561
535
3631
2662
2314
6730
6650
595
483
2606
2396
14644
1522
503
4951
2283
2424
2383
1406
2369
2807
15623
1521
5572
1486
7130
14356
1464
1508
507
3733
5035
519
1548
6884
522
6899
2587
2599
3716
15521
633
2704
1513
2308
1453
3746
1428
468
2329
2247
489
3989
2648
518
2542
3747
2608
2294
512
2409
2599
1600
520
1481
14917
2650
1530
14948
14950
2489
3879
645
6808
498
2400
541
1606
2514
1716
493
2387
469
2470
2838
15145
558
1568
1620
643
511
1595
2493
2757
1640
543
1784
3846
1553
2576
15552
14971
2465
1662
615
14575
1583
492
539
14767
1601
535
15009
1663
1687
7002
2474
1652
630
2638
495
2779
7069
14942
7075
3906
574
2804
1668
2772
6967
3827
1618
5162
1548
2666
1549
2631
1529
2571
2387
14837
14677
1490
497
14429
1409
14865
1453
1500
1450
1684
1478
2315
1614
529
1441
14615
6791
2376
528
1497
14874
1605
530
2693
531
3658
2628
2607
1497
14622
3597
482
3600
2621
14682
3875
511
2275
1481
14560
3857
525
1482
3683
14633
491
1537
2249
2480
1454
473
523
3667
3779
521
2284
6704
546
3653
572
2299
2553
3757
502
2322
471
2663
3172
1454
2558
2435
6715
3673
514
1433
1508
14694
5012
552
1568
6724
6642
505
1438
3613
490
14863
1480
550
1563
2313
14622
2549
1528
589
6675
1565
1490
1423
1516
1691
14661
6715
2416
527
519
1482
2519
1479
565
2307
6720
539
2628
517
14658
1473
14751
2592
1572
14591
2295
6596
1476
460
582
2252
1451
1572
1455
2623
1445
6693
1426
6673
527
1514
520
2360
2308
14755
6657
2519
501
1495
2575
2457
2562
2380
1550
2575
1470
515
6727
1473
551
6685
1570
2243
14696
2587
523
1441
14674
519
2426
1608
2537
3080
2317
1580
1653
513
2604
1612
1499
2367
1468
1587
2768
2558
17124
6680
4176
1496
1522
1474
1510
2306
1492
6700
8680
3301
3551
2338
14435
8541
1528
1691
3263
540
7335
1690
540
1702
554
521
566
7057
1540
1558
2216
2437
1500
2627
1562
2557
2371
1423
486
2494
14439
1508
1462
2263
1525
2585
3681
6748
2635
461
14361
2358
15246
3799
506
5062
2614
2366
1624
2278
1472
518
2633
566
2392
2716
2489
458
2365
4918
489
1435
7124
1511
2671
2573
3696
1471
2729
1632
567
518
2548
14474
14355
568
5007
16372
2449
1495
2488
2344
496
2405
2704
1595
6740
2394
3882
509
1561
527
1440
2307
561
6758
2590
2585
521
6754
6794
468
3664
512
600
1550
1390
501
1541
1582
538
3634
2563
2347
6729
6756
600
508
2572
2413
14684
1505
512
4909
1466
2524
2370
1453
2325
2691
17181
1538
5908
1469
7227
15193
1429
1465
514
3729
5493
526
1518
6803
530
6726
2642
2600
3776
15429
531
2594
1471
2255
1456
3707
1460
463
2404
2240
481
4066
2535
503
2540
3780
2668
2309
493
2512
2590
1591
532
1509
14847
2607
1541
15012
14886
2461
3892
648
6735
489
2454
527
1652
2535
1624
512
2379
465
2427
2725
15094
563
1621
1600
614
507
1585
2535
2808
1706
540
1818
3881
1556
2586
15943
14928
2485
1646
612
14729
1564
493
531
14966
1609
537
15110
1718
1715
7023
2503
1618
621
2572
513
2727
7069
14909
7033
3905
533
2827
1690
2752
7041
3919
1629
5213
1498
2652
1532
2626
1497
2607
2456
16277
14440
1449
498
14296
1396
15068
1579
1523
1513
1678
1449
2335
1578
547
1472
15040
6840
2408
517
1458
14954
1600
531
2698
524
3663
2614
2588
1487
14690
3589
480
3598
2638
14681
3897
501
2275
1463
14555
3847
531
1495
3692
14648
501
1546
2321
2505
1508
465
542
3656
3710
524
2291
6733
556
3663
574
2317
2605
3681
501
2322
472
2657
3143
1406
2579
2398
6657
3668
522
1402
1473
14736
4976
577
1582
6702
6722
489
1438
3615
509
14715
1469
561
1572
2296
14664
2523
1512
560
6706
1542
1491
1448
1515
1689
14671
6666
2427
534
520
1478
2574
1508
524
2260
6698
558
2622
502
14611
1467
14602
2670
1607
14542
2291
6665
1468
468
570
2267
1416
1546
1474
2655
1475
6652
1453
6699
523
1465
525
2367
2310
14711
6640
2528
525
1460
2561
2487
2563
2364
1548
2588
1429
510
6706
1444
549
6690
1564
2328
14701
2584
522
1444
14734
500
2427
1640
2591
3049
2271
1578
1591
508
2623
1606
1494
2377
1491
1564
2970
2536
15780
6870
4692
1518
1493
1461
1504
2308
1461
6723
8047
2681
3531
2325
14545
9063
1525
1698
2710
543
7319
1696
510
1686
582
539
567
8381
1493
1489
2242
2376
1496
2678
1565
2563
2336
1464
497
2507
14563
1456
1444
2232
1544
2583
3760
6780
2623
473
14968
2401
14619
3779
523
5192
2722
2415
1635
2338
1467
516
2442
679
2400
2776
2501
476
2309
4965
506
1392
6729
1569
2762
2564
3663
1465
2782
1646
569
516
2542
14479
14377
576
5171
16828
2475
1453
2418
2643
493
2695
3543
1783
6745
2325
3774
513
1536
504
1435
2339
559
6715
2624
2594
527
6713
6754
476
3677
492
600
1570
1399
517
1479
1605
537
3680
2643
2328
6652
6734
607
501
2571
2399
14909
1541
493
4878
1451
2729
2286
1423
2422
2599
15495
1521
5434
1518
8004
15181
1464
1452
494
3727
5102