40966.0
211654.0
114028.0
115839.0
144430.0
111983.0
22262.0
40966.0
239564.0
114028.0
115839.0
144430.0
111983.0
22262.0
40966.0
239564.0
114396.0
115839.0
144430.0
111983.0
22298.0
239564.0
22298.0
40966.0
114396.0
111983.0
115839.0
144430.0
239564.0
21919.0
22298.0
40966.0
118164.0
111983.0
391760.0
123514.0
144430.0
239564.0
21919.0
22405.0
40966.0
118164.0
111983.0
394656.0
123514.0
144430.0
397219.0
239564.0
21919.0
22405.0
40966.0
118164.0
111983.0
394656.0
123514.0
147581.0
397219.0
239564.0
21919.0
24849.0
40966.0
118164.0
111983.0
394656.0
123514.0
147581.0
131147.0
397219.0
239564.0
21919.0
24849.0
112480.0
40966.0
118164.0
111983.0
395347.0
123514.0
147581.0
131147.0
397219.0
239564.0
21919.0
24849.0
200025.0
40966.0
118164.0
111983.0
396734.0
123514.0
147581.0
131147.0
397219.0
239564.0
110333.0
128052.0
21919.0
24849.0
200025.0
40966.0
130964.0
111983.0
396734.0
123514.0
147581.0
131147.0
403853.0
239564.0
111297.0
128052.0
21919.0
24849.0
200025.0
40966.0
130964.0
113850.0
111983.0
413323.0
123514.0
147581.0
131147.0
403853.0
239564.0
111297.0
208692.0
200025.0
40966.0
201019.0
130964.0
252738.0
113850.0
211909.0
111983.0
413323.0
123514.0
147581.0
131147.0
408075.0
239564.0
111297.0
208692.0
200025.0
201019.0
130964.0
259210.0
141172.0
211909.0
111983.0
131383.0
421813.0
123514.0
147581.0
131147.0
408075.0
239564.0
111297.0
208692.0
200025.0
201019.0
130964.0
259210.0
141172.0
211909.0
111983.0
131383.0
421813.0
123514.0
147581.0
131147.0
408075.0
239564.0
111297.0
208692.0
200025.0
201019.0
130964.0
259210.0
141172.0
211909.0
111983.0
131383.0
421813.0
142547.0
147581.0
131147.0
408075.0
239564.0
208317.0
208692.0
200025.0
201019.0
130964.0
259210.0
141172.0
211909.0
111983.0
131383.0
421813.0
142547.0
147581.0
131147.0
408075.0
239564.0
208317.0
284611.0
200025.0
201019.0
130964.0
259210.0
141172.0
211909.0
111983.0
131383.0
421813.0
142547.0
147581.0
131147.0
408075.0
239564.0
208317.0
284611.0
200025.0
201019.0
130964.0
259210.0
141172.0
211909.0
131383.0
202317.0
421813.0
142547.0
147581.0
131147.0
408075.0
239564.0
208317.0
284611.0
201576.0
202019.0
259210.0
141172.0
225381.0
131383.0
202317.0
421813.0
142547.0
197486.0
147581.0
131147.0
408075.0
236824.0
239564.0
208317.0
284611.0
201576.0
202019.0
259210.0
141172.0
225381.0
131383.0
202317.0
421813.0
142547.0
216260.0
147581.0
408075.0
236824.0
239564.0
208317.0
284611.0
201576.0
202019.0
259210.0
141172.0
225381.0
131383.0
202317.0
421813.0
142547.0
216260.0
147581.0
408075.0
236824.0
239564.0
208317.0
284611.0
201576.0
202019.0
259210.0
141172.0
225381.0
223004.0
202317.0
421813.0
142547.0
216260.0
147581.0
408075.0
236824.0
239564.0
208317.0
284611.0
120853.0
201576.0
202019.0
263667.0
225381.0
195689.0
260558.0
202317.0
421813.0
142547.0
216260.0
204875.0
408075.0
236824.0
239564.0
208317.0
284611.0
120853.0
201576.0
202019.0
389569.0
263667.0
225381.0
195689.0
260558.0
202317.0
421813.0
142547.0
217874.0
204875.0
408075.0
236824.0
239564.0
208317.0
284611.0
201576.0
202019.0
391377.0
263667.0
225381.0
199784.0
260558.0
202317.0
421813.0
217874.0
204875.0
408075.0
236824.0
239564.0
208317.0
284611.0
201576.0
202019.0
391377.0
263667.0
225381.0
199814.0
268402.0
202317.0
421813.0
217874.0
204875.0
412630.0
236824.0
239564.0
208317.0
284611.0
201576.0
202019.0
391377.0
263667.0
225381.0
202463.0
268402.0
202317.0
421813.0
217874.0
54746.0
207605.0
412630.0
236824.0
239564.0
216484.0
284611.0
202019.0
405192.0
263667.0
225381.0
207640.0
208901.0
268402.0
202317.0
421813.0
217874.0
5454901.0
412630.0
236824.0
239564.0
216484.0
284611.0
202019.0
405192.0
276835.0
225381.0
207640.0
208901.0
268402.0
202317.0
421813.0
217874.0
5454901.0
412630.0
236824.0
239564.0
216484.0
297613.0
202019.0
405192.0
276835.0
225381.0
209226.0
208901.0
268402.0
215702.0
421813.0
217874.0
5454901.0
412630.0
236824.0
239564.0
216484.0
297613.0
210171.0
405192.0
276835.0
225381.0
226144.0
208901.0
268402.0
215702.0
421813.0
217874.0
5454901.0
412630.0
4270431.0
239564.0
216484.0
297613.0
210171.0
405192.0
276835.0
225381.0
226144.0
208901.0
268402.0
215702.0
421813.0
217874.0
5454901.0
413234.0
4270431.0
239564.0
216484.0
297613.0
210171.0
405192.0
276835.0
225381.0
226144.0
208901.0
268402.0
215702.0
421813.0
217874.0
5454901.0
413234.0
4270431.0
239564.0
229580.0
297613.0
210171.0
418402.0
276835.0
225381.0
226144.0
208901.0
268402.0
215702.0
421813.0
217874.0
5454901.0
413234.0
8184285.0
239564.0
229580.0
297613.0
216653.0
418402.0
276835.0
225381.0
226144.0
208901.0
268402.0
215702.0
421813.0
217874.0
5454901.0
413234.0
8184285.0
239564.0
229580.0
297613.0
216653.0
418402.0
276835.0
225381.0
226144.0
211948.0
268402.0
215702.0
421813.0
217874.0
5454901.0
413234.0
11272528.0
239564.0
229580.0
298881.0
216653.0
418402.0
276835.0
225381.0
226144.0
211948.0
268402.0
215702.0
421813.0
217874.0
5521274.0
413234.0
11272528.0
239564.0
229580.0
298881.0
216653.0
418402.0
276835.0
225381.0
226144.0
268402.0
215702.0
421813.0
217874.0
5521274.0
5347146.0
424062.0
11272528.0
239564.0
229580.0
298881.0
277755.0
216653.0
418402.0
17658443.0
226777.0
226144.0
268402.0
215702.0
421813.0
217874.0
5521274.0
5347146.0
424062.0
11439826.0
239564.0
229580.0
298881.0
295276.0
216653.0
418402.0
17658443.0
226777.0
226144.0
268402.0
421813.0
217874.0
5521274.0
5347146.0
424062.0
11439826.0
239564.0
229580.0
298881.0
295276.0
216653.0
418402.0
17658443.0
226777.0
226144.0
268402.0
421813.0
217874.0
5521274.0
5367310.0
424062.0
11439826.0
239564.0
229580.0
298881.0
295276.0
216653.0
418402.0
17658443.0
226777.0
226144.0
268402.0
421813.0
217874.0
5521274.0
5367310.0
424062.0
11439826.0
239564.0
229580.0
298881.0
295276.0
216653.0
418402.0
17658443.0
226777.0
226144.0
268402.0
421813.0
217874.0
5521274.0
5367310.0
424062.0
11439826.0
239564.0
229580.0
298881.0
295276.0
216653.0
418402.0
17658443.0
226777.0
229201.0
268402.0
421813.0
217874.0
5521274.0
5367310.0
424062.0
11439826.0
239564.0
229580.0
298881.0
295276.0
216653.0
418402.0
17658443.0
226777.0
229201.0
268402.0
422072.0
220947.0
5521274.0
5367310.0
424062.0
11550933.0
239564.0
239442.0
298881.0
384357.0
295276.0
216653.0
418402.0
18280392.0
226777.0
229201.0
268402.0
422072.0
220947.0
5521274.0
5367310.0
424062.0
11550933.0
239564.0
239442.0
298881.0
384357.0
295276.0
418402.0
18280392.0
226777.0
232105.0
268402.0
422072.0
220947.0
5521274.0
5367310.0
424062.0
11550933.0
239564.0
384090.0
298881.0
384357.0
295276.0
418402.0
18280392.0
226777.0
232105.0
268402.0
422072.0
220947.0
5521274.0
5367310.0
424062.0
11550933.0
239564.0
384090.0
298881.0
386942.0
295276.0
418402.0
18280392.0
226777.0
232105.0
268402.0
422072.0
220947.0
5521274.0
5404880.0
424062.0
11550933.0
239564.0
384090.0
298881.0
386942.0
295276.0
418402.0
18280392.0
226777.0
232105.0
268402.0
422072.0
220947.0
5521274.0
5404880.0
424062.0
11550933.0
239564.0
384090.0
298881.0
386942.0
295276.0
418402.0
18280392.0
226777.0
232105.0
268402.0
422072.0
220947.0
5521274.0
5404880.0
424062.0
11550933.0
239564.0
384090.0
298881.0
386942.0
295276.0
418402.0
18280392.0
226777.0
232105.0
268402.0
422072.0
220947.0
5521274.0
5404880.0
424062.0
11550933.0
239564.0
384090.0
298881.0
386942.0
295276.0
205921.0
418402.0
18280392.0
226777.0
232105.0
268402.0
422072.0
220947.0
5521274.0
5404880.0
424062.0
11550933.0
239564.0
384090.0
298881.0
386942.0
295276.0
418402.0
18280392.0
226777.0
232105.0
268402.0
422072.0
220947.0
5521274.0
5404880.0
424062.0
11550933.0
239564.0
384090.0
298881.0
386942.0
295276.0
418402.0
18280392.0
226777.0
232105.0
268402.0
422072.0
220947.0
5521274.0
5404880.0
424062.0
11550933.0
239564.0
384090.0
298881.0
386942.0
295276.0
418402.0
18280392.0
226777.0
232105.0
268402.0
422072.0
220947.0
5521274.0
5404880.0
424062.0
11550933.0
239564.0
384090.0
298881.0
386942.0
295276.0
418402.0
18280392.0
226777.0
232105.0
268402.0
422072.0
220947.0
5521274.0
5404880.0
424062.0
11611558.0
239564.0
384090.0
298881.0
386942.0
295276.0
418402.0
18280392.0
226777.0
232105.0
268402.0
422072.0
220947.0
5521274.0
5404880.0
424062.0
11611558.0
239564.0
384090.0
298881.0
386942.0
295276.0
418402.0
18280392.0
226777.0
232105.0
268402.0
422072.0
220947.0
5521274.0
5404880.0
424062.0
11611558.0
239564.0
384090.0
298881.0
386942.0
295276.0
418402.0
18280392.0
226777.0
232105.0
268402.0
422072.0
220947.0
5521274.0
5404880.0
424062.0
11611558.0
239564.0
384090.0
298881.0
386942.0
295276.0
418402.0
18280392.0
226777.0
232105.0
268402.0
422072.0
220947.0
5521274.0
5404880.0
424062.0
11611558.0
239564.0
384090.0
298881.0
386942.0
295276.0
418402.0
18280392.0
226777.0
232105.0
268402.0
422072.0
220947.0
5521274.0
5404880.0
424062.0
11611558.0
239564.0
384090.0
298881.0
386942.0
295276.0
418402.0
18280392.0
226777.0
232105.0
268402.0
422072.0
220947.0
5521274.0
5404880.0
424062.0
11611558.0
239564.0
384090.0
298881.0
386942.0
295276.0
418402.0
18280392.0
226777.0
363595.0
268402.0
422072.0
220947.0
5521274.0
5404880.0
424062.0
11611558.0
239564.0
384090.0
298881.0
386942.0
295276.0
418402.0
18280392.0
226777.0
363595.0
268402.0
422072.0
220947.0
5521274.0
5404880.0
424062.0
11611558.0
239564.0
384090.0
298881.0
386942.0
295276.0
418402.0
18280392.0
226777.0
367005.0
268402.0
422072.0
220947.0
5521274.0
5404880.0
424062.0
11611558.0
239564.0
384090.0
298881.0
386942.0
295276.0
418402.0
18280392.0
226777.0
367005.0
268402.0
422072.0
220947.0
5521274.0
5404880.0
424062.0
11611558.0
239564.0
384090.0
298881.0
386942.0
295276.0
418402.0
18280392.0
226777.0
367005.0
268402.0
422072.0
220947.0
5521274.0
5404880.0
424062.0
11611558.0
239564.0
384090.0
298881.0
386942.0
295276.0
418402.0
18280392.0
226777.0
367005.0
4581018.0
422072.0
220947.0
5521274.0
5404880.0
424062.0
11611558.0
239564.0
384090.0
298881.0
386942.0
295276.0
418402.0
18280392.0
226777.0
367005.0
4581018.0
422072.0
220947.0
5521274.0
5404880.0
424062.0
11611558.0
239564.0
384090.0
298881.0
386942.0
295276.0
433060.0
18280392.0
226777.0
388237.0
4581018.0
422072.0
220947.0
5521274.0
5404880.0
424062.0
11611558.0
239564.0
384090.0
298881.0
386942.0
295276.0
433060.0
18280392.0
226777.0
388237.0
4581018.0
422072.0
220947.0
5521274.0
5404880.0
424062.0
11611558.0
239564.0
384090.0
298881.0
386942.0
295276.0
433060.0
18280392.0
226777.0
391836.0
13806130.0
422072.0
220947.0
5521274.0
5404880.0
424062.0
11611558.0
239564.0
384090.0
298881.0
386942.0
295276.0
433060.0
18280392.0
226777.0
391836.0
13806130.0
422072.0
220947.0
5521274.0
5404880.0
424062.0
11611558.0
239564.0
384090.0
298881.0
386942.0
295276.0
433060.0
18280392.0
226777.0
391836.0
13806130.0
422072.0
220947.0
5521274.0
5404880.0
424062.0
11611558.0
239564.0
384090.0
298881.0
386942.0
295276.0
433060.0
18280392.0
233076.0
391836.0
13806130.0
422072.0
289323.0
5521274.0
5404880.0
424062.0
11611558.0
239564.0
384090.0
298881.0
386942.0
295276.0
433060.0
18280392.0
233076.0
391836.0
13806130.0
422072.0
289323.0
5521274.0
5404880.0
424062.0
11611558.0
239564.0
386947.0
298881.0
386942.0
295276.0
433060.0
18280392.0
233076.0
391836.0
13806130.0
422072.0
289323.0
5521274.0
5404880.0
424062.0
11611558.0
239564.0
386947.0
298881.0
386942.0
295276.0
433060.0
18280392.0
233076.0
391836.0
13806130.0
422072.0
289323.0
5521274.0
5404880.0
424062.0
11611558.0
239564.0
386947.0
298881.0
386942.0
295276.0
433060.0
18280392.0
233076.0
391836.0
13806130.0
422072.0
289323.0
5521274.0
5404880.0
424062.0
11611558.0
239564.0
386947.0
298881.0
386942.0
295276.0
433060.0
18280392.0
233076.0
391836.0
13806130.0
422072.0
289323.0
5521274.0
5404880.0
424062.0
11611558.0
239564.0
386947.0
298881.0
386942.0
295276.0
433060.0
18280392.0
233076.0
391836.0
13806130.0
422072.0
289323.0
5521274.0
5404880.0
424062.0
11611558.0
239564.0
386947.0
298881.0
386942.0
295276.0
433060.0
18280392.0
233076.0
391836.0
13806130.0
422072.0
289323.0
5521274.0
5404880.0
424062.0
11611558.0
239564.0
386947.0
298881.0
386942.0
295276.0
433060.0
18280392.0
233076.0
391836.0
13806130.0
422072.0
289323.0
5521274.0
5404880.0
424062.0
11611558.0
239564.0
386947.0
298881.0
386942.0
295276.0
433060.0
18280392.0
233076.0
391836.0
13806130.0
422072.0
289323.0
5521274.0
5404880.0
424062.0
11611558.0
239564.0
386947.0
298881.0
386942.0
295276.0
433060.0
18280392.0
233076.0
391836.0
13806130.0
422072.0
289323.0
5521274.0
5404880.0
424062.0
11611558.0
239564.0
386947.0
298881.0
386942.0
295276.0
433060.0
18280392.0
233076.0
391836.0
13806130.0
422072.0
289323.0
5521274.0
5404880.0
424062.0
11611558.0
239564.0
386947.0
298881.0
386942.0
295276.0
433060.0
18280392.0
233076.0
393932.0
13806130.0
422072.0
289323.0
5521274.0
5404880.0
424062.0
11611558.0
239564.0
386947.0
298881.0
386942.0
295276.0
433060.0
18280392.0
233076.0
393932.0
13806130.0
422072.0
289323.0
5521274.0
5404880.0
424062.0
11611558.0
239564.0
386947.0
298881.0
386942.0
295276.0
433060.0
18280392.0
233076.0
393932.0
13806130.0
427279.0
289323.0
5521274.0
5404880.0
424062.0
11611558.0
239564.0
386947.0
298881.0
386942.0
295276.0
433060.0
18280392.0
233076.0
393932.0
13806130.0
427279.0
289323.0
5521274.0
5404880.0
424062.0
11611558.0
239564.0
386947.0
298881.0
386942.0
295276.0
433060.0
18280392.0
233076.0
393932.0
14315714.0
427279.0
289323.0
5521274.0
5404880.0
424062.0
11611558.0
239564.0
386947.0
298881.0
386942.0
295276.0
433060.0
18280392.0
233076.0
393932.0
14315714.0
427279.0
289323.0
5521274.0
5404880.0
424062.0
11611558.0
239564.0
386947.0
298881.0
386942.0
295276.0
433060.0
18280392.0
233076.0
393932.0
14315714.0
427279.0
289323.0
5521274.0
5404880.0
424062.0
11611558.0
239564.0
386947.0
298881.0
386942.0
295276.0
433060.0
18280392.0
233076.0
393932.0
14342090.0
427279.0
289323.0
5521274.0
5404880.0
424062.0
11611558.0
239564.0
386947.0
298881.0
386942.0
295276.0
433060.0
18280392.0
233076.0
393932.0
14342090.0
427279.0
289323.0
5521274.0
5404880.0
424062.0
11611558.0
239564.0
386947.0
298881.0
386942.0
295276.0
433060.0
18280392.0
233076.0
393932.0
14342090.0
427279.0
289323.0
5521274.0
5404880.0
424062.0
11611558.0
239564.0
386947.0
298881.0
386942.0
295276.0
433060.0
18280392.0
233076.0
393932.0
14342090.0
427279.0
289323.0
5521274.0
5404880.0
424062.0
11611558.0
239564.0
386947.0
298881.0
386942.0
295276.0
433060.0
18280392.0
233076.0
393932.0
14342090.0
439370.0
289323.0
5521274.0
5404880.0
424062.0
11611558.0
239564.0
386947.0
298881.0
386942.0
295276.0
433060.0
18280392.0
233076.0
393932.0
14342090.0
439370.0
289323.0
5521274.0
5404880.0
424062.0
11611558.0
239564.0
386947.0
298881.0
386942.0
295276.0
433060.0
18280392.0
233076.0
393932.0
14342090.0
439370.0
289323.0
5521274.0
5404880.0
424062.0
11611558.0
239564.0
386947.0
298881.0
386942.0
295276.0
433060.0
18280392.0
233076.0
393932.0
14342090.0
439370.0
289323.0
5521274.0
5404880.0
424062.0
11611558.0
239564.0
386947.0
298881.0
386942.0
295276.0
433060.0
18280392.0
233076.0
393932.0
14342090.0
449878.0
289323.0
5521274.0
5404880.0
424062.0
11611558.0
239564.0
386947.0
298881.0
386942.0
295276.0
433060.0
18280392.0
233076.0
393932.0
14342090.0
449878.0
289323.0
5521274.0
5404880.0
424062.0
11611558.0
239564.0
391731.0
298881.0
386942.0
295276.0
433060.0
18280392.0
233076.0
398492.0
14342090.0
449878.0
289323.0
5521274.0
5404880.0
424062.0
11611558.0
239564.0
391731.0
298881.0
386942.0
295276.0
433060.0
18280392.0
233076.0
398492.0
14342090.0
449878.0
289323.0
5521274.0
5404880.0
424062.0
11611558.0
239564.0
391731.0
298881.0
386942.0
295276.0
433060.0
18280392.0
233076.0
398492.0
14342090.0
449878.0
289323.0
5521274.0
5404880.0
424062.0
11611558.0
239564.0
391731.0
298881.0
386942.0
295276.0
433060.0
18280392.0
233076.0
398492.0
14342090.0
449878.0
289323.0
5521274.0
5404880.0
424062.0
11611558.0
239564.0
391731.0
298881.0
386942.0
295276.0
433060.0
18280392.0
233076.0
398492.0
14342090.0
449878.0
289323.0
5521274.0
5404880.0
424062.0
11611558.0
239564.0
391731.0
298881.0
386942.0
295276.0
433060.0
18280392.0
233076.0
398492.0
14342090.0
449878.0
289323.0
5521274.0
5404880.0
424062.0
11611558.0
239564.0
413712.0
298881.0
386942.0
295276.0
433060.0
18280392.0
233076.0
398492.0
14342090.0
452357.0
289323.0
5521274.0
5404880.0
424062.0
11611558.0
239564.0
413712.0
298881.0
404016.0
295276.0
433060.0
18280392.0
233076.0
398492.0
14342090.0
452357.0
289323.0
5521274.0
5404880.0
424062.0
11611558.0
239564.0
413712.0
298881.0
404016.0
295276.0
433060.0
18280392.0
233076.0
23573.0
398492.0
14342090.0
452357.0
289323.0
5521274.0
5404880.0
424062.0
11611558.0
239564.0
413712.0
298881.0
404016.0
295276.0
433060.0
18280392.0
233076.0
398492.0
14342090.0
452357.0
289323.0
5521274.0
5404880.0
424062.0
11611558.0
239564.0
413712.0
298881.0
404016.0
295276.0
433060.0
18280392.0
233076.0
398492.0
14342090.0
452357.0
289323.0
5521274.0
5404880.0
424062.0
11611558.0
239564.0
413712.0
298881.0
404016.0
295276.0
433060.0
18280392.0
233076.0
398492.0
14342090.0
452357.0
289323.0
5521274.0
5404880.0
424062.0
11611558.0
239564.0
413712.0
298881.0
404016.0
295276.0
433060.0
18280392.0
233076.0
398492.0
14342090.0
452357.0
289323.0
5521274.0
5404880.0
424062.0
11611558.0
239564.0
413712.0
298881.0
404016.0
295276.0
433060.0
18280392.0
233076.0
398492.0
14342090.0
452357.0
289323.0
5521274.0
5404880.0
424062.0
11611558.0
239564.0
413712.0
298881.0
404016.0
295276.0
433060.0
18280392.0
233076.0
398492.0
14342090.0
452357.0
289323.0
5521274.0
5404880.0
424062.0
11611558.0
239564.0
413712.0
298881.0
404016.0
295276.0
433060.0
18280392.0
233076.0
398492.0
14342090.0
452357.0
289323.0
5521274.0
5404880.0
424062.0
11611558.0
239564.0
413712.0
298881.0
404016.0
295276.0
433060.0
18280392.0
233076.0
398492.0
14342090.0
452357.0
289323.0
5521274.0
5404880.0
424062.0
11611558.0
239564.0
413712.0
298881.0
404016.0
295276.0
433060.0
18280392.0
233076.0
398492.0
14342090.0
452357.0
289323.0
5521274.0
5404880.0
424062.0
11611558.0
239564.0
413712.0
298881.0
404016.0
295276.0
433060.0
18280392.0
233076.0
406038.0
14342090.0
452357.0
289323.0
5521274.0
5404880.0
424062.0
11611558.0
239564.0
413712.0
298881.0
404016.0
295276.0
433060.0
18280392.0
233076.0
406038.0
14342090.0
7184880.0
289323.0
5521274.0
5404880.0
424062.0
11611558.0
239564.0
413712.0
298881.0
404016.0
295276.0
433060.0
18280392.0
233076.0
406038.0
14342090.0
7184880.0
289323.0
5521274.0
5404880.0
424062.0
11611558.0
239564.0
413712.0
298881.0
404016.0
295276.0
433060.0
18280392.0
233076.0
406038.0
14342090.0
7184880.0
289323.0
5521274.0
5404880.0
424879.0
11611558.0
239564.0
413712.0
298881.0
404016.0
295276.0
433060.0
18280392.0
233076.0
406038.0
14342090.0
7184880.0
289323.0
5521274.0
5404880.0
424879.0
11611558.0
239564.0
413712.0
298881.0
404016.0
295276.0
3701607.0
433060.0
18280392.0
406038.0
14342090.0
7184880.0
289323.0
5521274.0
5404880.0
424879.0
11611558.0
239564.0
413712.0
298881.0
404016.0
295276.0
3727262.0
433060.0
18280392.0
406038.0
14342090.0
7184880.0
289323.0
5521274.0
5404880.0
424879.0
11611558.0
239564.0
413712.0
298881.0
404016.0
295276.0
3727262.0
433060.0
18280392.0
406038.0
14486336.0
7184880.0
289323.0
5521274.0
5404880.0
447780.0
11611558.0
239564.0
413712.0
298881.0
404016.0
295276.0
3727262.0
433060.0
18280392.0
406038.0
14486336.0
7184880.0
289323.0
5521274.0
5404880.0
447780.0
11611558.0
239564.0
413712.0
298881.0
404016.0
295276.0
3727262.0
433060.0
18280392.0
406038.0
14486336.0
7184880.0
289323.0
5521274.0
5404880.0
447780.0
11611558.0
425700.0
413712.0
298881.0
404016.0
295276.0
3727262.0
433060.0
18280392.0
406038.0
14486336.0
7184880.0
289323.0
5521274.0
5404880.0
447780.0
11611558.0
425700.0
413712.0
298881.0
404016.0
295276.0
3727262.0
433060.0
18280392.0
406038.0
14486336.0
7184880.0
289323.0
5521274.0
5404880.0
447780.0
11611558.0
425700.0
413712.0
298881.0
404016.0
295276.0
3727262.0
433060.0
18280392.0
406038.0
14486336.0
7184880.0
289323.0
5521274.0
5404880.0
447780.0
11611558.0
425700.0
413712.0
298881.0
404016.0
295276.0
3753954.0
433060.0
18280392.0
406038.0
14486336.0
7215833.0
289323.0
5521274.0
5404880.0
461735.0
11611558.0
425700.0
413712.0
298881.0
404016.0
295276.0
3753954.0
433060.0
18280392.0
406038.0
14486336.0
7215833.0
289323.0
5521274.0
5404880.0
463671.0
11611558.0
425700.0
413712.0
298881.0
404016.0
295276.0
3753954.0
433060.0
18280392.0
406038.0
14486336.0
7215833.0
289323.0
5521274.0
5404880.0
463671.0
11611558.0
425700.0
413712.0
298881.0
404016.0
295276.0
3753954.0
433060.0
18280392.0
406038.0
14486336.0
7215833.0
289323.0
5521274.0
5404880.0
463671.0
11611558.0
425700.0
413712.0
298881.0
404016.0
295276.0
3753954.0
433060.0
18280392.0
406038.0
14486336.0
7215833.0
289323.0
5521274.0
5404880.0
463671.0
11611558.0
427033.0
413712.0
298881.0
404016.0
295276.0
3939518.0
433060.0
1850616173.0
406038.0
14486336.0
17749993.0
289323.0
5521274.0
5509242.0
463671.0
11761389.0
427033.0
413712.0
298881.0
404016.0
295276.0
3939518.0
433060.0
1850616173.0
408012.0
14486336.0
17749993.0
289323.0
5797373.0
380024385.0
463671.0
12162865.0
427033.0
413712.0
298881.0
404016.0
295276.0
3939518.0
433060.0
1850616173.0
408012.0
14486336.0
17749993.0
289323.0
5797373.0
380024385.0
9129609.0
12162865.0
427033.0
436733.0
298881.0
404016.0
295276.0
3939518.0
433060.0
1850616173.0
408012.0
14486336.0
17749993.0
289323.0
5797373.0
380024385.0
9129609.0
12162865.0
427033.0
436733.0
298881.0
404016.0
295276.0
3939518.0
433060.0
1850616173.0
408012.0
14486336.0
17749993.0
289323.0
5797373.0
380024385.0
9129609.0
12162865.0
427033.0
436733.0
298881.0
404016.0
295276.0
3939518.0
433060.0
1850616173.0
408012.0
14486336.0
17749993.0
289323.0
5809514.0
381605852.0
9129609.0
12162865.0
427033.0
436733.0
330753.0
404016.0
295276.0
3939518.0
433060.0
1910507744.0
411237.0
14486336.0
17749993.0
289323.0
5809514.0
381605852.0
9129609.0
12162865.0
472938.0
436733.0
330753.0
404016.0
295276.0
3939518.0
433060.0
1910507744.0
411237.0
14486336.0
17749993.0
289323.0
5809514.0
381605852.0
9129609.0
12162865.0
472938.0
436733.0
330753.0
404016.0
295276.0
3943247.0
433060.0
1910507744.0
411237.0
14486336.0
19152083.0
289323.0
5809514.0
381605852.0
9129609.0
12162865.0
472938.0
436733.0
330753.0
404016.0
295276.0
3943247.0
433060.0
1910507744.0
411237.0
15449159.0
19152083.0
289323.0
5809514.0
381605852.0
9129609.0
12162865.0
472938.0
436733.0
330753.0
404016.0
295276.0
3943247.0
433060.0
1910507744.0
411237.0
15449159.0
19152083.0
289323.0
5809514.0
381605852.0
9129609.0
12162865.0
482898.0
436733.0
330753.0
404016.0
295276.0
3996881.0
433060.0
1910507744.0
411237.0
15449159.0
19152083.0
289323.0
5809514.0
381605852.0
9129609.0
12162865.0
482898.0
436733.0
330753.0
404016.0
295276.0
3996881.0
446597.0
1910507744.0
411237.0
15449159.0
19152083.0
289323.0
5809514.0
381605852.0
9129609.0
12162865.0
482898.0
436733.0
330753.0
408032.0
295276.0
3996881.0
446597.0
1910507744.0
412558.0
15449159.0
19152083.0
289323.0
5809514.0
381605852.0
9129609.0
12162865.0
482898.0
436733.0
330753.0
408032.0
295276.0
3996881.0
446597.0
1910507744.0
412558.0
15449159.0
19152083.0
289323.0
5809514.0
381605852.0
9129609.0
12162865.0
492440.0
436733.0
330753.0
408058.0
295333.0
3996881.0
446597.0
1910507744.0
412558.0
15449159.0
74180.0
121757.0
61018.0
85045.0
63977.0
58466.0
25388.0
74180.0
143962.0
63782.0
61232.0
85045.0
63977.0
60703.0
25388.0
74180.0
205203.0
63782.0
61232.0
85045.0
63977.0
61946.0
214684.0
58466.0
25388.0
85045.0
224604.0
58466.0
25388.0
74180.0
205203.0
61506.0
63791.0
2240454.0
63977.0
61946.0
62623.0
85045.0
224604.0
58466.0
31949.0
74180.0
205203.0
61506.0
63791.0
2343478.0
63977.0
82464.0
62623.0
85045.0
224604.0
58466.0
31949.0
74180.0
219360.0
60383.0
63791.0
2343478.0
63977.0
63778.0
82464.0
62623.0
26577.0
85045.0
224604.0
58466.0
31949.0
74180.0
219360.0
79870.0
61364.0
6992710.0
63791.0
2343478.0
64015.0
65449.0
63778.0
82464.0
62623.0
26577.0
85045.0
224604.0
58466.0
32327.0
74180.0
219360.0
79870.0
61364.0
6992710.0
63791.0
17131538.0
2388185.0
64015.0
65449.0
63778.0
82464.0
62623.0
26577.0
59644.0
85045.0
224604.0
58466.0
32900.0
74180.0
219360.0
79870.0
67031.0
27894099.0
61350.0
63791.0
17131538.0
2388185.0
64015.0
65449.0
63778.0
82464.0
63040.0
26577.0
1898326.0
59644.0
85045.0
60460.0
225258.0
58466.0
32900.0
74180.0
219360.0
79870.0
67031.0
27894099.0
61350.0
63964.0
17131538.0
2388185.0
64015.0
65893.0
63778.0
82464.0
63040.0
26577.0
1898326.0
59644.0
85045.0
60460.0
225258.0
58466.0
32900.0
74180.0
219360.0
79870.0
67031.0
27894099.0
62248.0
63964.0
17131538.0
2388185.0
64015.0
65893.0
63778.0
82464.0
64363.0
26577.0
1898326.0
59644.0
85045.0
203832.0
225258.0
58466.0
32900.0
74180.0
219360.0
79870.0
67031.0
28567734.0
62248.0
63964.0
17131538.0
2388185.0
64015.0
65893.0
63778.0
82464.0
64363.0
26577.0
1898326.0
59644.0
85045.0
203832.0
225258.0
58466.0
32900.0
74180.0
228140.0
79870.0
67031.0
28567734.0
65544.0
63964.0
17131538.0
2388185.0
64459.0
65893.0
63778.0
82464.0
85735.0
26577.0
1898326.0
59644.0
85045.0
203832.0
298339.0
58466.0
32900.0
74180.0
228140.0
79870.0
67031.0
28567734.0
65544.0
63964.0
17131538.0
2388185.0
64459.0
65893.0
63778.0
82464.0
1926701.0
59644.0
85045.0
77457.0
67928.0
203832.0
298339.0
74180.0
228140.0
79870.0
67031.0
28567734.0
65544.0
63964.0
17131538.0
2388185.0
80238.0
65893.0
63778.0
82464.0
85735.0
1926701.0
85660.0
77457.0
108034.0
203832.0
298339.0
74180.0
228140.0
3751964.0
79870.0
70519.0
28567734.0
17131538.0
2388185.0
80238.0
65893.0
82464.0
85735.0
1926701.0
85660.0
77457.0
3854618.0
108034.0
203832.0
301736.0
74180.0
228140.0
3751964.0
79870.0
28567734.0
66067.0
17131538.0
2388185.0
80238.0
82464.0
85735.0
1926701.0
85660.0
77457.0
3854618.0
108034.0
203832.0
301736.0
228140.0
3751964.0
79870.0
28567734.0
17131538.0
2388185.0
83125.0
82464.0
298852.0
1926701.0
85660.0
77457.0
3882665.0
108034.0
203832.0
301736.0
228140.0
3751964.0
79870.0
28567734.0
17131538.0
2388185.0
83125.0
82464.0
1926701.0
85660.0
77457.0
3882665.0
108034.0
203832.0
301736.0
228140.0
3751964.0
79870.0
28567734.0
22949948.0
9097717.0
83125.0
82464.0
298852.0
1926701.0
85660.0
77457.0
3882665.0
210906.0
203832.0
301736.0
228140.0
3797466.0
79870.0
28567734.0
22949948.0
9097717.0
83125.0
82464.0
298852.0
1926701.0
85660.0
85061.0
3882665.0
210906.0
207156.0
301736.0
213150.0
228140.0
3797466.0
28567734.0
22949948.0
9097717.0
3869442.0
83125.0
298852.0
1926701.0
85660.0
85061.0
3882665.0
210906.0
215048.0
301736.0
256905.0
228140.0
3797466.0
28567734.0
22949948.0
9097717.0
3869442.0
83125.0
298852.0
1926701.0
85660.0
85061.0
3882665.0
210906.0
321255.0
256905.0
228140.0
3797466.0
28567734.0
22949948.0
9097717.0
3869442.0
83125.0
298852.0
1926701.0
85660.0
85061.0
3882665.0
221842.0
215048.0
321255.0
256905.0
228140.0
3797466.0
28567734.0
22949948.0
9232581.0
3869442.0
83125.0
298852.0
1926701.0
85660.0
214523.0
3882665.0
221842.0
215048.0
321255.0
265115.0
228140.0
3797466.0
28567734.0
22949948.0
9232581.0
3869442.0
83125.0
298852.0
1926701.0
85660.0
214523.0
3886967.0
224373.0
215048.0
321255.0
265115.0
228140.0
3797466.0
28567734.0
25544303.0
9232581.0
113348.0
133013.0
62379.0
66563.0
69894.0
59048.0
51216.0
113348.0
144695.0
83062.0
62379.0
66563.0
134548.0
59048.0
77149.0
113348.0
867347.0
83062.0
62379.0
66563.0
876213.0
191872.0
59048.0
77149.0
106243.0
225719.0
59048.0
77149.0
113348.0
986754.0
67468.0
30690.0
95203.0
991423.0
216506.0
832363.0
225719.0
59048.0
77149.0
92885.0
113348.0
986754.0
67468.0
30690.0
95203.0
991423.0
192317.0
220497.0
63772.0
944272.0
225719.0
59048.0
77149.0
92885.0
113348.0
79962.0
30690.0
95203.0
991423.0
4093317.0
1692581.0
85410.0
944272.0
225719.0
59048.0
95489.0
92885.0
113348.0
986754.0
79962.0
32302.0
25218135.0
95203.0
991423.0
4524280.0
1692581.0
42800.0
85410.0
929350.0
944272.0
225719.0
59048.0
95489.0
92885.0
113348.0
986754.0
84785.0
1009003.0
32302.0
25395491.0
95203.0
991423.0
4524280.0
1692581.0
42800.0
85410.0
929350.0
944272.0
225719.0
59048.0
95489.0
92885.0
113348.0
986754.0
84785.0
1009003.0
25563601.0
862796.0
64464.0
991423.0
4524280.0
16488139.0
51959.0
85410.0
929350.0
944272.0
225719.0
95489.0
92885.0
113348.0
986754.0
84785.0
1009003.0
25563601.0
1022269.0
64464.0
991423.0
4524280.0
16488139.0
85410.0
929350.0
944272.0
225719.0
95489.0
92885.0
113348.0
986754.0
839557.0
1009003.0
25563601.0
1022269.0
991423.0
868659.0
4524280.0
16488139.0
85410.0
929350.0
944272.0
225719.0
95489.0
92885.0
113348.0
986754.0
871653.0
1009003.0
25772029.0
1022269.0
991423.0
868659.0
4524280.0
16516251.0
840019.0
929350.0
944272.0
864722.0
225719.0
95489.0
113348.0
986754.0
871653.0
1009003.0
25772029.0
1022269.0
4155209.0
991423.0
868659.0
4524280.0
16516251.0
861638.0
929350.0
944272.0
480900.0
864722.0
225719.0
113348.0
986754.0
875752.0
1009003.0
25772029.0
830179.0
1022269.0
4155209.0
991423.0
868659.0
4524280.0
16516251.0
861638.0
929350.0
944272.0
480900.0
960212.0
986754.0
865620.0
875752.0
1009003.0
158587411.0
872391.0
1022269.0
4194299.0
991423.0
868659.0
4524280.0
16516251.0
861638.0
929350.0
944272.0
960212.0
986754.0
870647.0
875752.0
1009003.0
158587411.0
928342.0
1022269.0
4201349.0
991423.0
868659.0
4524280.0
16516251.0
861638.0
929350.0
961297.0
960212.0
986754.0
870647.0
875752.0
1009003.0
767208950.0
928342.0
1022269.0
4201349.0
991423.0
868659.0
4524280.0
16516251.0
861638.0
929350.0
961297.0
960212.0
986754.0
870647.0
875752.0
1009003.0
767208950.0
928342.0
1051847.0
4201349.0
991423.0
868659.0
4524280.0
16516251.0
861638.0
929350.0
961297.0
960212.0
986754.0
870647.0
889841.0
1009003.0
3086213023.0
928342.0
1051847.0
4384091.0
991423.0
868659.0
4524280.0
16516251.0
861638.0
929350.0
961297.0
960212.0
986754.0
870647.0
889841.0
1009003.0
928342.0
1051847.0
4384091.0
991423.0
868659.0
4524280.0
16516251.0
861638.0
929350.0
961297.0
960212.0
986754.0
870647.0
889841.0
1009003.0
3086213023.0
928342.0
1051847.0
4384091.0
991423.0
868659.0
4524280.0
16516251.0
861638.0
929350.0
961297.0
960212.0
986754.0
888298.0
889841.0
1009003.0
3086213023.0
980817.0
928342.0
1051847.0
4384091.0
991423.0
868659.0
4524280.0
16516251.0
861638.0
929350.0
961297.0
960212.0
986754.0
889652.0
889841.0
1009003.0
3086213023.0
446267.0
980817.0
928342.0
1051847.0
4384091.0
991423.0
868659.0
4524280.0
929350.0
961297.0
960212.0
986754.0
889652.0
889841.0
1009003.0
3086213023.0
980817.0
928342.0
1051847.0
4384091.0
991423.0
868659.0
4524280.0
16516251.0
929350.0
961297.0
960212.0
986754.0
908255.0
889841.0
1009003.0
3086213023.0
980817.0
928342.0
1051847.0
16564287.0
991423.0
4524280.0
16516251.0
929350.0
961297.0
960212.0
986754.0
908255.0
889841.0
1009003.0
3086213023.0
980817.0
928342.0
1051847.0
112438966.0
16564287.0
991423.0
868659.0
4524280.0
16516251.0
929350.0
961297.0
960212.0
986754.0
908255.0
1009003.0
3086213023.0
980817.0
928342.0
1073859.0
966989.0
449314394.0
16564287.0
991423.0
4524280.0
16516251.0
929350.0
961297.0
960212.0
986754.0
908255.0
1009003.0
3086213023.0
980817.0
933145.0
1073859.0
966989.0
16564287.0
991423.0
4524280.0
16516251.0
929350.0
961297.0
960212.0
986754.0
908255.0
1009003.0
3086213023.0
986108.0
933145.0
1073859.0
966989.0
449314394.0
16564287.0
991423.0
4524280.0
16516251.0
929350.0