8.26
8.5
11.38
12.52
5.58
10.0
10.18
10.28
3.62
4.48
10.0
7.46
6.38
16.44
11.52
5.54
7.640000000000001
16.64
9.74
5.62
7.96
7.5600000000000005
7.88
10.28
8.26
11.18
12.36
16.52
4.92
10.24
11.540000000000001
10.1
9.98
6.58
12.780000000000001
5.84
7.32
6.2
14.200000000000001
11.66
10.34
6.36
10.200000000000001
12.76
6.3
11.14
8.74
9.06
5.0600000000000005
9.24
8.58
11.44
7.46
10.44
9.14
11.620000000000001
7.38
13.88
3.54
13.74
5.04
7.84
6.08
7.76
11.3
6.92
7.8
6.34
11.86
8.86
3.24
6.82
6.36
6.62
8.38
7.32
16.46
7.22
15.24
12.32
11.08
8.52
10.3
9.18
9.22
8.8
2.22
10.14
12.34
12.620000000000001
7.24
8.66
4.76
7.84
7.34
7.28
7.6000000000000005
1.7
12.780000000000001
6.5600000000000005
11.36
16.5
9.06
11.1
8.14
10.1
10.46
8.48
7.76
5.94
14.06
6.62
7.0600000000000005
5.2
11.48
4.64
10.4
12.64
6.18
10.3
8.0
5.34
16.68
9.24
9.14
7.140000000000001
5.34
6.22
8.72
4.08
8.36
8.040000000000001
7.62
11.68
12.84
16.36
8.76
6.18
10.18
10.38
8.56
9.02
10.120000000000001
9.120000000000001
12.8
11.16
8.98
7.96
15.14
8.9
10.02
6.82
2.2
5.28
7.94
10.06
6.88
5.42
7.66
9.540000000000001
12.52
9.18
6.04
11.42
7.48
14.120000000000001
5.68
7.82
6.5600000000000005
5.72
13.98
8.86
6.92
5.26
13.86
6.2
12.540000000000001
16.4
9.76
7.8
9.1
5.62
8.52
15.18
3.24
14.02
2.16
7.98
10.06
10.22
7.88
9.9
11.200000000000001
7.42
7.54
10.26
10.200000000000001
9.18
16.580000000000002
9.14
13.9
9.34
8.9
14.02
7.46
7.58
12.780000000000001
5.0600000000000005
7.78
10.24
9.120000000000001
10.200000000000001
7.8
12.700000000000001
3.44
7.140000000000001
5.88
5.68
6.5
11.18
10.22
11.46
7.82
8.040000000000001
7.84
6.66
13.84
6.82
7.22
16.6
9.14
7.18
6.640000000000001
6.26
7.36
11.36
13.94
2.38
10.46
8.48
8.3
9.98
8.3
7.7
11.46
10.36
10.02
7.9
10.34
4.84
8.040000000000001
13.9
7.6000000000000005
12.88
10.24
11.46
8.92
11.52
7.0600000000000005
16.46
11.4
8.86
1.6600000000000001
8.06
9.040000000000001
8.42
7.9
8.2
7.88
9.94
11.16
10.44
8.56
15.14
10.08
10.32
9.040000000000001
8.98
7.58
10.24
6.1000000000000005
11.82
8.620000000000001
11.58
6.68
9.86
10.06
13.94
5.0200000000000005
5.5600000000000005
7.72
13.86
11.46
10.26
2.94
8.2
7.98
13.82
9.02
11.16
10.34
6.16
3.62
6.38
2.98
9.5
4.92
8.66
6.38
10.08
7.08
7.68
11.44
8.72
7.12
9.74
6.8
10.32
9.040000000000001
13.98
9.1
6.54
8.78
10.02
12.72
2.3000000000000003
10.42
4.82
5.78
7.32
10.24
3.58
5.86
6.08
5.0
7.62
6.44
6.86
6.84
10.9
5.5200000000000005
10.22
11.52
5.12
9.32
9.88
4.6000000000000005
7.22
9.14
6.42
16.580000000000002
6.1000000000000005
8.6
6.24
11.32
5.9
7.8
3.58
12.68
10.22
6.42
9.14
15.1
7.32
8.18
8.86
11.4
12.58
8.66
9.88
6.4
6.94
10.200000000000001
5.94
7.9
1.7
10.28
8.64
5.62
15.200000000000001
11.36
5.3
9.66
7.88
5.2
11.44
6.48
6.2
12.66
7.7
8.68
12.76
5.0600000000000005
8.9
2.22
8.64
7.08
9.96
15.120000000000001
12.84
11.66
11.24
8.4
3.96
9.120000000000001
9.16
9.3
0.12
7.96
12.48
4.74
8.040000000000001
16.4
4.82
11.42
10.3
1.86
9.84
7.88
8.3
6.54
11.44
11.44
11.540000000000001
10.200000000000001
13.96
15.18
9.620000000000001
7.68
6.2
6.68
6.12
6.44
12.72
7.42
9.1
7.94
11.48
8.46
11.700000000000001
9.9
8.6
6.96
6.5600000000000005
10.08
9.94
6.72
8.98
12.72
5.7
7.78
10.24
9.040000000000001
10.08
5.74
7.74
10.14
10.26
12.42
8.98
13.98
9.18
9.8
5.84
9.78
8.94
9.18
6.22
7.34
7.68
12.48
8.4
7.4
6.62
10.38
5.38
15.040000000000001
12.780000000000001
3.5
15.26
14.0
7.88
13.82
8.94
5.7
10.120000000000001
6.5
13.280000000000001
6.46
7.18
11.56
6.62
9.16
8.32
8.68
8.68
4.78
15.1
8.96
6.26
9.98
7.46
11.36
15.16
12.5
11.18
12.82
11.56
9.06
6.58
10.120000000000001
15.14
14.0
12.76
7.12
10.38
11.48
9.88
7.68
13.9
9.46
9.14
4.72
7.94
6.5200000000000005
10.28
5.3
10.3
7.38
8.94
11.52
8.78
3.46
8.88
12.5
6.5200000000000005
10.08
13.68
7.66
5.66
4.16
5.46
10.26
8.1
16.54
8.86
5.6000000000000005
11.3
7.74
5.04
7.28
6.92
8.78
9.82
6.68
5.22
9.120000000000001
12.36
14.98
16.44
9.64
6.46
11.22
11.3
9.98
9.74
6.7
8.6
11.540000000000001
4.72
9.22
13.9
7.66
10.44
13.6
9.540000000000001
2.6
15.14
13.82
5.72
12.38
12.780000000000001
6.38
4.58
6.68
6.96
6.84
10.14
2.94
11.620000000000001
12.64
6.82
5.5200000000000005
13.620000000000001
6.62
8.94
9.1
7.88
6.5600000000000005
8.42
7.82
7.640000000000001
7.9
8.06
5.38
12.72
7.34
14.08
13.780000000000001
5.08
11.540000000000001
6.68
6.94
7.74
1.8800000000000001
12.8
16.56
12.540000000000001
8.76
8.8
7.0600000000000005
12.86
11.52
9.68
11.4
11.34
9.02
5.82
7.58
9.24
11.42
13.74
11.22
9.040000000000001
11.48
7.36
8.84
10.98
5.5
6.0600000000000005
8.8
12.780000000000001
12.700000000000001
9.26
7.86
5.08
10.14
11.52
13.780000000000001
14.42
6.6000000000000005
12.66
6.16
6.08
8.96
13.780000000000001
11.6
8.86
6.9
3.94
9.0
7.08
6.4
4.84
7.84
11.6
7.74
11.46
8.4
8.84
10.42
9.14
7.8
12.5
8.08
15.200000000000001
12.84
10.36
9.1
5.12
5.96
6.18
15.06
7.5600000000000005
4.44
10.36
7.54
8.94
7.04
8.2
10.3
13.94
5.12
7.9
11.56
11.58
6.44
6.38
5.72
6.84
12.66
8.3
12.620000000000001
10.200000000000001
9.78
9.040000000000001
11.52
7.140000000000001
8.6
10.26
10.06
10.08
5.4
7.5
7.48
5.64
9.16
11.22
6.84
11.52
8.24
8.64
11.4
10.16
9.18
8.8
14.92
10.06
5.0200000000000005
10.56
10.06
8.82
9.18
16.46
10.36
10.24
5.34
6.18
5.72
8.82
5.18
12.46
8.040000000000001
5.92
7.2
5.24
9.26
5.36
7.76
12.52
13.94
15.08
11.6
7.66
9.16
12.700000000000001
8.76
5.46
9.92
8.88
10.26
7.74
7.2
5.9
3.34
10.18
6.54
8.56
6.46
7.62
4.66
7.08
6.640000000000001
7.32
10.1
6.5
9.96
12.8
6.82
8.66
15.200000000000001
7.26
4.42
10.14
9.82
6.5600000000000005
7.4
8.46
8.620000000000001
10.3
13.82
9.02
8.44
5.78
12.8
8.98
7.0200000000000005
9.08
11.3
6.68
11.36
6.5600000000000005
12.58
11.28
8.06
5.64
11.620000000000001
7.62
10.26
11.4
8.84
8.96
16.6
10.06
6.3
6.62
12.48
12.76
8.06
7.6000000000000005
6.84
8.78
7.72
12.74
8.06
5.5
5.24
13.76
6.34
7.54
5.84
6.54
6.0200000000000005
12.82
7.78
12.76
5.58
1.86
11.540000000000001
10.46
9.22
5.46
13.36
14.0
12.5
7.22
13.76
12.8
11.0
8.56
3.3200000000000003
6.18
13.96
7.34
11.42
8.58
8.94
3.52
11.1
4.42
11.48
9.120000000000001
9.8
13.76
8.9
10.120000000000001
10.4
12.46
8.6
15.14
10.16
10.16
4.88
16.6
7.84
8.94
7.46
7.6000000000000005
7.88
11.34
10.120000000000001
8.58
10.08
1.18
2.7600000000000002
9.24
2.58
11.32
12.780000000000001
6.42
9.06
7.86
9.18
7.0
13.92
10.38
12.66
5.18
7.04
6.6000000000000005
8.68
10.14
8.24
9.14
10.02
6.76
8.26
6.74
6.46
9.040000000000001
13.96
11.56
14.120000000000001
16.6
5.36
11.38
11.34
12.540000000000001
5.4
6.4
8.06
2.8000000000000003
11.6
7.58
6.4
12.76
7.5
11.46
7.72
7.72
7.94
12.68
8.38
8.8
10.22
10.14
7.76
8.56
8.82
11.52
12.66
14.02
9.1
3.7
7.12
3.7800000000000002
8.18
8.82
7.78
1.82
7.88
7.9
7.34
3.7600000000000002
11.3
12.68
5.94
7.26
5.82
8.82
7.140000000000001
8.84
10.08
9.86
5.18
9.0
10.08
12.44
12.76
11.620000000000001
9.6
8.64
3.3000000000000003
3.98
6.92
5.44
6.46
9.68
5.32
10.34
13.86
11.46
12.620000000000001
5.7
13.82
16.52
6.6000000000000005
9.0
12.620000000000001
7.5
3.96
6.22
6.08
6.24
7.78
12.68
5.6000000000000005
7.78
10.22
11.540000000000001
9.0
9.34
7.32
12.56
10.42
4.18
16.6
7.34
12.5
10.38
10.4
10.18
13.96
11.46
13.86
11.48
5.2
7.5200000000000005
8.26
7.74
12.52
6.8
7.74
4.58
11.64
7.68
11.5
8.52
15.22
7.5600000000000005
14.0
11.06
5.84
5.9
8.96
16.68
8.48
6.58
11.56
6.36
9.18
6.48
7.62
5.3
9.74
12.34
7.140000000000001
6.44
11.56
8.98
8.0
8.86
4.44
8.26
8.76
7.5
10.120000000000001
5.48
10.34
12.64
12.6
10.26
12.8
7.76
11.56
13.86
8.58
16.44
7.28
10.200000000000001
1.82
12.8
10.120000000000001
10.200000000000001
16.54
7.58
10.24
8.9
5.34
4.96
10.18
7.62
9.06
6.94
11.5
6.94
16.5
6.82
16.580000000000002
7.88
7.48
15.18
12.64
10.040000000000001
8.56
9.56
9.98
8.96
7.88
3.44
6.68
7.12
10.26
6.54
14.1
5.9
8.34
9.9
7.0200000000000005
7.62
6.140000000000001
5.32
6.6000000000000005
10.96
15.24
8.96
10.94
3.38
12.74
10.3
11.48
14.56
13.24
7.08
12.620000000000001
8.42
4.6000000000000005
11.6
7.32
11.3
8.94
8.16
5.8
10.120000000000001
12.58
6.12
11.1
4.2
7.78
9.120000000000001
13.6
7.9
7.6000000000000005
10.08
11.1
7.82
15.120000000000001
6.16
5.68
9.620000000000001
7.6000000000000005
7.640000000000001
9.0
11.36
5.68
9.22
15.1
10.16
7.76
11.200000000000001
11.52
12.88
13.8
10.3
11.120000000000001
12.700000000000001
10.06
8.3
11.56
10.18
6.28
8.4
10.38
5.4
6.46
9.92
9.16
6.48
9.9
11.26
8.76
11.36
9.68
10.3
10.14
12.540000000000001
5.0600000000000005
8.8
9.0
14.120000000000001
7.82
7.96
9.92
9.34
11.44
13.86
15.16
10.26
4.6000000000000005
9.14
6.92
1.6400000000000001
11.3
6.48
12.84
13.8
8.86
6.96
11.44
7.98
7.0
5.76
7.7
11.4
7.0600000000000005
6.5
12.700000000000001
6.3
9.1
10.1
16.36
9.08
16.56
8.0
10.120000000000001
5.76
13.96
8.64
5.54
10.040000000000001
6.42
13.88
5.24
8.620000000000001
9.9
10.26
5.6000000000000005
10.26
10.3
6.78
7.68
8.68
14.0
8.24
11.540000000000001
11.46
8.14
5.24
7.5200000000000005
12.82
11.52
6.66
6.5200000000000005
4.84
14.96
11.6
10.06
11.48
11.48
5.38
6.5200000000000005
2.2800000000000002
13.88
12.700000000000001
10.24
11.36
8.42
15.26
6.5
12.280000000000001
7.46
8.02
9.18
8.44
8.2
8.3
10.200000000000001
5.38
7.9
6.28
9.120000000000001
8.64
11.46
9.1
10.32
7.58
16.52
6.7
7.62
9.02
3.62
12.620000000000001
7.42
12.780000000000001
8.56
7.68
13.98
3.04
12.4
14.14
8.22
12.74
8.96
8.92
12.58
9.1
9.08
8.9
8.700000000000001
1.8800000000000001
11.64
3.0
9.1
2.82
10.42
10.3
0.8200000000000001
9.1
10.08
10.3
1.32
12.3
6.42
5.32
10.34
6.5600000000000005
11.38
10.16
4.82
6.46
7.94
10.18
12.74
4.76
11.26
7.46
13.96
6.32
9.38
8.58
16.52
12.82
14.08
9.94
4.3
7.12
6.22
9.16
6.12
7.2
8.44
7.86
12.620000000000001
11.42
7.96
11.52
6.92
5.5600000000000005
14.780000000000001
16.580000000000002
10.24
6.4
5.92
7.62
5.44
9.26
12.36
8.18
9.3
12.74
11.32
3.4
8.040000000000001
7.86
6.5200000000000005
10.14
14.040000000000001
9.02
7.0200000000000005
5.86
12.8
5.6000000000000005
5.72
14.06
7.2
9.16
11.66
10.92
7.22
10.16
8.76
11.06
8.9
8.22
6.18
10.18
8.9
5.88
8.0
8.16
5.62
10.3
8.76
10.34
5.2
9.22
5.32
8.46
8.32
3.36
12.64
9.28
14.86
5.2
7.74
8.78
8.86
9.06
16.52
12.3
13.82
7.78
10.16
7.5600000000000005
7.74
12.38
9.120000000000001
15.18
8.98
9.44
8.040000000000001
7.98
7.68
4.28
5.96
6.68
10.16
7.5
7.16
9.0
7.92
2.72
15.3
7.0600000000000005
8.9
11.4
6.72
11.44
7.42
7.640000000000001
7.0600000000000005
5.58
11.48
4.48
7.4
10.18
4.6000000000000005
12.68
11.3
12.68
8.8
11.46
9.94
6.46
10.120000000000001
13.96
12.56
5.26
8.88
11.46
10.18
9.02
9.78
9.38
8.86
12.48
7.98
9.040000000000001
7.84
17.82
8.14
12.540000000000001
7.4
8.76
7.640000000000001
12.74
7.28
12.76
7.7
6.5600000000000005
10.02
10.4
6.46
10.9
9.14
9.08
12.84
8.58
9.1
11.36
8.3
8.1
11.34
10.16
8.58
3.5
13.92
10.3
11.42
8.0
10.26
13.76
10.24
5.82
8.96
15.14
8.64
8.24
7.42
12.68
6.74
4.5600000000000005
4.82
7.24
9.0
9.14
8.86
6.16
8.14
7.48
4.68
9.0
11.56
8.86
7.24
6.4
4.78
11.42
6.36
3.9
4.92
12.76
8.0
6.84
4.7
15.0
4.64
6.32
4.88
10.18
8.06
7.0200000000000005
3.86
6.66
11.58
7.78
14.06
7.5600000000000005
7.5200000000000005
7.0200000000000005
14.08
8.76
9.98
11.58
12.88
8.82
8.52
7.22
8.42
16.6
8.620000000000001
9.16
7.94
6.86
9.040000000000001
7.5
5.88
11.42
12.72
11.22
6.28
5.44
11.3
2.34
8.72
14.06
6.44
16.54
8.86
6.88
10.120000000000001
8.540000000000001
9.200000000000001
11.620000000000001
4.6000000000000005
15.06
10.02
16.38
11.36
5.68
14.0
8.9
6.98
12.76
7.2
4.88
12.8
7.98
8.040000000000001
9.16
7.74
4.04
7.66
11.0
9.94
12.66
7.0600000000000005
11.620000000000001
8.88
16.7
10.02
8.540000000000001
10.42
4.16
10.44
13.96
7.7
5.32
10.040000000000001
8.96
6.12
7.58
7.84
8.700000000000001
10.26
15.24
8.9
11.46
11.540000000000001
8.94
6.72
6.62
9.14
5.38
4.0200000000000005
16.42
5.08
15.06
7.4
11.5
10.120000000000001
7.3
6.12
11.44
9.76
10.66
7.140000000000001
5.88
5.94
9.040000000000001
9.96
12.76
7.84
12.38
8.88
6.2
8.78
8.82
10.94
12.620000000000001
12.64
2.32
7.54
7.3
11.48
9.86
11.34
11.14
7.74
2.68
9.120000000000001
13.9
6.48
7.9
6.72
9.18
12.5
6.88
8.86
8.26
7.76
8.4
7.62
15.26
6.68
6.98
7.72
9.08
5.62
9.28
7.36
12.34
10.14
7.62
11.26
7.84
6.6000000000000005
9.18
7.76
11.34
13.98
14.98
16.52
8.56
10.1
9.040000000000001
12.700000000000001
16.740000000000002
7.38
10.36
7.28
7.88
5.24
3.36
12.780000000000001
7.58
5.2
4.78
7.62
5.16
6.82
8.66
4.22
5.92
11.26
12.72
13.92
7.4
6.78
8.16
3.88
16.38
6.5200000000000005
12.780000000000001
16.6
9.84
9.98
8.040000000000001
5.74
8.56
7.46
4.66
5.42
8.88
10.200000000000001
15.22
9.9
16.5
7.7
12.74
5.1000000000000005
12.72
10.32
9.06
10.16
9.16
10.4
6.66
10.0
8.0
16.48
9.16
16.6
7.68
12.8
12.780000000000001
5.36
6.3
7.28
8.9
10.14
4.08
10.42
12.68
11.64
16.56
5.68
9.06
5.44
8.22
9.52
12.780000000000001
10.34
7.12
7.76
10.120000000000001
12.48
7.42
13.8
13.88
10.200000000000001
7.5200000000000005
13.92
7.9
6.0600000000000005
3.86
12.84
13.94
13.700000000000001
10.1
12.76
6.74
10.1
9.08
11.38
2.38
11.6
10.28
11.32
5.5200000000000005
13.94
4.0
10.24
15.32
11.120000000000001
7.48
5.0
10.36
6.86
13.84
7.34
5.92
1.94
10.5
8.74
4.24
6.640000000000001
11.44
6.54
5.12
8.94
12.68
10.26
7.5
7.66
6.94
9.02
6.3
4.8
11.42
15.0
11.700000000000001
7.82
11.58
7.44
13.700000000000001
10.06
5.3
4.98
8.18
8.58
12.38
12.82
12.76
12.82
12.66
8.24
12.72
8.88
7.94
13.98
6.5
7.78
8.16
16.5
11.46
10.34
12.780000000000001
8.94
6.3
7.88
8.0
9.96
12.68
5.6000000000000005
6.08
10.18
3.88
12.780000000000001
8.3
9.14
12.66
8.76
9.94
8.92
8.42
9.98
12.76
8.9
11.34
9.120000000000001
8.82
7.86
6.12
7.46
9.18
4.84
5.38
11.5
15.22
7.44
7.78
12.32
6.86
5.36
1.74
10.3
16.48
13.96
13.3
15.16
3.1
9.18
5.42
6.58
4.4
11.6
9.700000000000001
10.0
6.8
7.16
5.6000000000000005
8.8
7.96
12.34
6.48
15.14
9.02
3.16
16.44
8.96
5.16
12.84
7.26
7.26
8.84
12.74
16.28
7.5200000000000005
7.8
8.040000000000001
10.1
2.44
8.92
11.52
12.48
4.46
7.96
9.08
10.18
13.9
8.02
10.06
12.66
7.62
11.64
3.24
9.0
12.82
9.96
11.5
9.0
11.120000000000001
11.06
11.620000000000001
8.8
11.1
7.76
5.96
8.6
11.28
9.76
11.46
12.72
12.82
7.58
2.56
11.48
9.18
6.72
8.28
10.28
2.72
9.08
14.0
7.72
9.120000000000001
13.88
14.06
15.24
11.58
9.88
10.34
12.68
6.54
8.98
12.92
11.22
10.06
4.48
11.44
5.78
10.120000000000001
12.700000000000001
6.08
7.82
3.46
6.82
8.84
12.64
9.02
8.92
2.7800000000000002
5.22
12.8
11.5
12.52
6.68
10.46
7.32
4.0200000000000005
10.1
8.88
9.96
6.82
16.240000000000002
14.02
11.46
6.48
5.24
16.52
12.4
11.42
12.96
10.040000000000001
6.78
12.8
11.42
9.040000000000001
9.02
10.32
5.84
7.9
4.24
6.1000000000000005
9.36
12.64
8.08
11.4
6.1000000000000005
13.96
6.86
4.64
8.52
3.84
8.9
3.88
8.02
8.0
7.4
5.7
8.68
8.14
6.38
16.64
10.3
11.1
7.26
6.16
10.42
7.84
9.02
10.120000000000001
7.7
7.58
5.18
8.08
4.46
10.22
8.52
6.4
7.24
10.08
7.54
7.76
6.88
8.86
10.08
10.38
8.58
13.98
8.22
6.8
7.44
13.64
3.96
6.74
7.4
6.34
7.84
10.3
9.94
10.32
14.0
7.640000000000001
7.76
14.120000000000001
9.06
9.24
2.46
7.78
1.74
14.0
8.94
10.22
13.92
2.72
11.68
12.36
7.68
2.82
8.18
7.74
10.14
15.22
8.26
11.22
10.98
10.14
5.0
9.16
10.200000000000001
13.9
5.76
5.44
7.62
10.16
11.24
3.58
6.38
5.96
11.46
7.78
6.04
11.32
11.44
10.14
6.84
17.8
5.68
11.48
11.48
7.78
9.98
13.88
9.74
10.4
11.34
8.84
6.62
5.44
7.42
12.8
1.86
12.700000000000001
10.200000000000001
8.88
5.68
6.38
5.32
8.92
4.46
7.4
4.0600000000000005
7.9
2.7
3.96
7.9
9.1
8.540000000000001
3.84
11.4
8.4
12.66
9.16
11.48
9.02
5.5200000000000005
10.22
5.28
7.82
9.18
9.68
10.14
14.16
9.16
8.64
8.52
5.5
12.6
7.1000000000000005
5.62
4.46
10.38
10.18
6.6000000000000005
11.42
11.44
7.72
6.04
11.540000000000001
7.32
7.98
12.52
10.34
5.0600000000000005
7.7
7.92
14.94
11.26
11.5
7.8
10.16
10.96
5.78
10.34
7.9
6.6000000000000005
7.640000000000001
7.04
6.38
11.36
12.68
5.28
7.88
11.1
4.24
6.84
9.56
8.86
8.44
15.3
2.7800000000000002
8.82
11.14
13.82
7.84
9.06
7.78
8.32
9.94
9.120000000000001
11.22
13.36
4.64
9.14
9.200000000000001
7.640000000000001
7.42
6.640000000000001
15.24
11.620000000000001
10.32
7.66
4.88
6.36
11.6
6.54
10.94
10.200000000000001
10.3
6.36
10.02
7.36
12.700000000000001
12.72
6.86
7.32
8.76
7.9
8.94
7.44
5.98
8.28
13.74
8.32
6.16
7.0
9.86
8.76
7.76
6.5
3.08
10.08
5.76
7.5600000000000005
5.48
15.22
6.82
5.68
7.88
11.5
8.16
7.88
6.36
8.6
6.68
5.36
7.1000000000000005
7.0200000000000005
8.6
6.3
5.94
8.82
8.64
4.24
4.1
5.84
12.68
12.780000000000001
10.44
11.44
16.42
1.76
9.18
11.1
6.04
12.82
6.5600000000000005
8.64
7.32
7.7
4.5
16.580000000000002
7.62
13.86
10.120000000000001
15.3
9.08
7.26
8.9
10.06
6.68
7.48
12.780000000000001
9.6
7.12
8.58
6.18
6.46
12.6
12.6
9.040000000000001
13.98
7.08
10.1
10.1
6.88
15.24
7.68
2.46
5.76
9.86
10.200000000000001
6.8
6.98
11.28
8.06
6.84
7.74
11.58
6.78
12.780000000000001
8.92
16.56
11.02
11.34
7.88
1.8800000000000001
7.82
10.26
10.34
15.200000000000001
12.780000000000001
8.4
16.42
5.88
6.18
8.02
9.18
7.92
14.0
6.88
10.38
5.22
13.98
7.36
12.86
10.08
2.34
7.9
13.86
9.0
7.78
16.46
11.36
12.3
7.0600000000000005
7.74
7.0200000000000005
3.7800000000000002
6.72
2.72
4.42
8.46
11.26
13.84
6.62
1.96
15.16
7.22
6.8
7.84
11.24
6.18
7.82
16.580000000000002
11.36
7.88
6.92
8.98
8.48
12.64
8.64
6.5200000000000005
15.0
10.38
9.96
8.22
8.040000000000001
11.120000000000001
9.120000000000001
11.58
10.18
9.1
10.16
3.94
9.1
11.56
5.5600000000000005
4.68
8.42
6.3
8.58
6.34
8.8
15.16
4.72
10.120000000000001
11.32
8.92
11.44
15.16
7.78
8.700000000000001
10.26
13.98
5.72
11.4
6.5
2.04
9.18
7.6000000000000005
13.8
10.28
7.4
11.1
9.02
11.1
7.84
7.42
16.54
11.36
6.44
13.72
16.62
6.46
10.18
9.66
12.66
6.62
5.82
7.82
11.4
8.700000000000001
8.46
12.4
12.76
9.86
5.18
8.98
10.32
9.94
10.28
5.46
7.48
16.36
7.86
16.5
8.78
15.040000000000001
4.78
6.96
7.9
11.36
7.18
9.08
11.32
9.9
5.34
4.7
8.040000000000001
7.44
4.84
3.94
15.200000000000001
13.82
5.92
11.32
12.72
8.32
7.78
4.82
12.64
7.74
10.4
14.98
10.22
6.640000000000001
8.72
9.22
11.48
14.0
13.98
4.44
6.78
11.52
7.28
8.08
5.62
10.32
5.48
10.120000000000001
7.98
5.34
6.7
7.04
8.92
6.0200000000000005
8.08
3.46
10.14
8.0
11.56
11.6
13.74
14.0
12.8
13.94
16.34
6.18
13.86
7.72
5.6000000000000005
8.86
16.64
10.200000000000001
3.8200000000000003
8.94
12.620000000000001
8.76
10.48
8.700000000000001
8.96
6.32
7.88
7.1000000000000005
5.38
7.96
9.1
7.92
9.8
6.0600000000000005
12.620000000000001
7.0200000000000005
7.58
9.18
11.1
7.5200000000000005
7.68
16.54
5.92
5.44
7.46
7.66
5.82
2.5
6.4
5.36
12.82
14.02
7.88
10.36
6.86
7.5200000000000005
8.14
8.82
5.78
8.92
8.92
11.38
6.58
9.84
12.86
11.48
10.120000000000001
4.98
7.84
6.42
7.62
10.42
12.84
14.94
8.48
10.38
13.88
5.46
10.36
13.94
8.24
7.66
12.76
8.48
5.46
13.780000000000001
11.32
15.14
8.120000000000001
8.68
15.14
10.32
8.94
7.5
6.98
9.24
10.28
16.52
8.72
12.56
7.68
7.04
13.96
6.22
9.88
10.38
7.62
7.8
8.36
8.44
6.32
11.38
10.22
2.58
9.28
12.64
13.96
7.0
8.040000000000001
8.32
10.26
11.38
3.6
10.200000000000001
8.5
12.72
6.5
12.58
10.24
10.18
5.26
6.84
7.72
8.56
11.540000000000001
10.14
9.96
6.0600000000000005
5.72
5.6000000000000005
16.56
5.04
7.08
11.5
6.44
7.26
10.32
6.1000000000000005
9.0
10.32
7.34
6.72
8.58
3.68
11.46
8.96
6.94
7.76
16.6
16.64
4.86
9.040000000000001
15.26
11.46
9.14
8.48
7.4
6.62
9.88
10.24
4.96
11.38
10.0
6.78
6.140000000000001
5.66
10.200000000000001
6.5
7.94
15.02
7.04
4.76
15.24
4.82
8.16
11.540000000000001
5.88
8.74
5.2
7.5600000000000005
5.98
9.74
11.28
6.68
10.16
7.58
11.44
8.46
6.96
8.78
8.18
5.04
10.22
9.120000000000001
8.44
6.1000000000000005
10.22
7.7
6.18
8.96
7.86
11.0
10.16
4.12
11.52
2.84
11.52
7.88
8.02
7.9
2.14
6.38
11.52
7.76
8.94
6.92
7.26
12.82
10.02
11.32
6.72
7.82
13.9
8.78
9.200000000000001
12.5
10.22
10.42
15.24
11.56
8.28
12.280000000000001
5.72
7.84
9.02
7.0200000000000005
7.76
12.38
8.96
5.36
16.52
10.200000000000001
8.84
12.66
6.98
15.18
9.94
5.74
7.82
7.28
4.58
8.82
9.98
5.3
7.6000000000000005
7.9
11.700000000000001
7.5600000000000005
12.66
4.64
4.58
9.700000000000001
16.28
15.18
10.38
6.76
8.64
15.14
13.96
11.26
8.38
8.0
6.8
10.9
11.46
7.66
7.8
9.92
10.120000000000001
9.68
8.74
7.98
7.640000000000001
9.14
9.06
10.26
12.68
10.24
7.72
7.4
8.06
9.200000000000001
10.26
6.74
8.78
9.0
6.8
10.16
12.780000000000001
8.56
8.02
12.4
11.3
4.64
8.040000000000001
8.3
12.76
6.42
7.82
4.04
10.9
4.04
7.76
7.78
15.14
10.14
6.16
11.32
8.700000000000001
7.54
6.38
10.22
14.0
10.08
9.84
6.92
11.1
8.82
8.92
9.040000000000001
12.66
11.48
4.48
11.58
5.68
7.36
11.46
8.8
16.4
5.22
8.84
8.32
6.6000000000000005
9.08
3.04
6.76
12.66
6.38
1.06
12.66
9.32
8.02
9.3
9.06
7.140000000000001
7.12
8.24
13.86
9.26
11.700000000000001
8.82
9.16
10.32
8.700000000000001
13.84
10.32
1.9000000000000001
8.72
12.66
7.74
14.86
6.54
8.88
6.5200000000000005
7.74
5.64
10.3
7.68
11.46
8.44
5.1000000000000005
8.16
12.84
11.620000000000001
8.9
7.88
10.24
8.76
9.1
6.98
5.74
16.52
10.120000000000001
11.42
12.74
7.640000000000001
8.9
8.72
7.96
15.24
10.14
9.14
7.82
6.640000000000001
7.5600000000000005
9.28
12.32
8.34
9.06
9.06
15.14
9.88
8.86
12.86
13.94
5.68
7.8
7.84
4.48
7.86
6.5
12.46
4.82
8.96
7.88
11.38
4.94
7.08
8.78
6.34
11.6
7.2
8.16
11.58
6.72
10.24
7.66
7.42
9.86
10.36
14.620000000000001
6.5200000000000005
14.0
5.8
5.72
5.5600000000000005
8.94
8.82
11.52
8.86
10.84
9.08
5.4
13.98
12.56
8.94
4.08
14.02
6.38
13.96
4.72
8.36
6.82
8.68
8.540000000000001
15.14
11.56
8.84
9.06
7.8
5.7
11.34
8.56
6.96
14.040000000000001
11.38
13.780000000000001
12.76
7.78
4.42
6.36
8.02
11.540000000000001
8.64
9.040000000000001
12.780000000000001
7.44
11.16
10.16
7.72
16.3
9.0
5.64
15.16
5.96
11.36
9.18
7.32
8.68
15.040000000000001
7.04
8.06
7.66
12.48
15.18
8.1
9.92
5.48
7.4
10.4
7.72
8.06
5.46
10.28
11.540000000000001
12.94
8.68
7.84
13.620000000000001
12.76
11.32
11.66
7.68
7.76
13.86
8.74
7.76
15.24
10.18
9.86
8.84
8.9
12.74
6.2
10.94
12.8
10.16
13.98
5.58
6.9
7.58
2.96
8.96
12.780000000000001
7.76
7.78
6.4
11.3
7.6000000000000005
8.88
8.8
12.74
10.08
8.96
7.18
6.0200000000000005
8.02
7.0
6.640000000000001
10.0
8.26
6.5600000000000005
7.54
10.02
5.6000000000000005
6.94
10.92
9.92
15.120000000000001
9.120000000000001
5.94
7.08
7.5600000000000005
7.5200000000000005
8.76
5.66
7.2
10.02
3.62
4.78
9.9
8.14
10.24
6.6000000000000005
12.68
5.6000000000000005
8.98
11.48
13.9
11.52
16.78
4.74
8.84
8.1
14.94
4.86
8.92
12.64
8.700000000000001
9.94
11.4
6.0600000000000005
9.82
8.76
11.36
8.66
8.620000000000001
10.16
4.74
6.84
8.56
11.08
11.4
5.48
10.06
8.96
4.68
4.44
7.74
5.44
4.5200000000000005
7.5600000000000005
12.540000000000001
16.42
10.26
11.42
9.58
7.72
16.68
11.620000000000001
10.1
3.98
7.5600000000000005
8.16
8.540000000000001
4.72
11.36
10.040000000000001
8.92
4.42
12.48
5.98
8.620000000000001
7.5600000000000005
4.5600000000000005
8.78
8.86
4.8
11.58
9.16
7.78
8.66
7.96
8.26
13.8
8.48
8.78
9.200000000000001
8.6
12.4
6.46
16.7
12.8
9.92
7.66
3.54
6.12
11.700000000000001
11.46
11.26
7.16
16.56
7.92
12.8
9.18
12.82
9.14
7.66
6.36
7.76
10.24
8.5
5.9
6.42
12.76
15.14
12.76
11.5
9.0
7.96
12.64
6.5
9.66
11.36
4.92
7.62
6.42
12.4
13.9
8.66
11.56
9.14
6.66
7.22
13.92
4.94
10.18
4.42
6.4
7.28
9.76
10.040000000000001
8.22
7.5
7.66
14.96
7.78
10.18
7.9
10.0
10.02
10.200000000000001
7.04
12.64
9.040000000000001
7.82
6.5
9.040000000000001
8.96
10.34
4.18
13.92
8.620000000000001
12.76
11.540000000000001
11.14
10.38
7.9
6.140000000000001
9.1
15.14
10.120000000000001
11.5
8.92
7.7
8.700000000000001
8.64
6.9
6.6000000000000005
6.9
10.040000000000001
11.44
8.78
12.780000000000001
7.78
7.0600000000000005
8.76
6.82
7.62
4.54
7.0
8.3
11.42
7.640000000000001
8.94
10.16
8.86
8.96
16.740000000000002
4.6000000000000005
11.4
8.74
10.74
12.620000000000001
6.3
8.3
6.7
11.56
11.38
10.26
1.48
7.72
4.0
10.32
7.36
12.8
7.26
7.34
9.72
11.44
12.74
8.28
7.26
11.18
5.4
7.4
9.14
10.24
1.76
1.8
5.46
5.48
10.1
7.640000000000001
6.92
7.94
7.84
10.06
4.38
10.22
6.8
11.6
7.36
9.82
16.38
6.12
6.34
8.98
3.88
13.94
10.38
10.22
8.92
8.52
8.620000000000001
7.72
5.78
7.2
5.36
7.22
12.72
9.58
10.02
7.82
6.42
8.4
5.36
9.120000000000001
11.26
8.58
3.4
10.16
14.040000000000001
11.18
7.74
7.640000000000001
5.46
5.0
16.56
7.94
9.14
5.24
12.74
14.040000000000001
10.44
10.24
11.34
7.66
12.48
8.92
7.46
7.84
10.14
2.24
9.94
7.62
10.44
7.7
5.32
10.200000000000001
14.0
10.3
10.3
10.16
6.88
9.02
5.58
13.98
7.34
10.26
9.06
8.24
5.9
11.5
6.76
11.200000000000001
8.08
12.620000000000001
10.38
13.9
3.52
7.38
8.4
9.08
9.700000000000001
9.700000000000001
9.94
6.36
7.48
7.86
7.84
8.9
11.5
6.3
11.4
9.08
6.0200000000000005
12.72
7.5200000000000005
11.26
10.42
12.88
8.3
9.06
10.24
7.4
8.700000000000001
11.620000000000001
13.74
5.96
10.16
15.22
11.52
9.74
13.8
2.08
6.94
15.1
12.68
10.96
4.2
8.56
7.88
13.96
5.78
11.18
15.32
8.42
7.8
7.36
11.52
10.34
12.52
8.68
7.6000000000000005
4.34
8.94
13.84
11.4
11.540000000000001
5.92
9.92
12.700000000000001
7.36
7.86
6.68
8.44
4.92
8.48
11.4
12.84
7.46
11.4
9.02
8.58
10.1
9.040000000000001
5.58
10.4
8.9
9.42
7.8
11.02
13.76
8.700000000000001
14.02
7.5
8.8
6.46
6.18
10.92
11.26
11.5
12.68
12.72
12.68
9.02
5.0
12.8
7.74
7.88
12.700000000000001
9.18
8.66
16.56
5.58
5.5
8.96
5.44
6.16
10.38
13.92
12.74
11.56
7.5
13.92
5.96
8.1
7.66
5.9
4.5
5.28
6.78
16.38
4.62
8.76
12.72
11.34
9.82
15.06
11.28
6.9
12.76
9.08
9.120000000000001
7.76
11.44
6.66
11.5
11.32
3.2800000000000002
9.26
12.8
11.42
8.78
8.120000000000001
3.98
7.76
13.92
8.82
10.18
16.5
10.26
8.76
7.76
12.76
7.32
12.700000000000001
11.36
9.98
5.76
8.94
9.1
6.04
16.580000000000002
7.24
14.040000000000001
8.32
10.22
6.96
6.32
4.88
12.46
0.66
11.66
11.5
7.96
11.36
10.16
8.8
7.44
15.3
6.72
13.84
4.96
4.94
9.200000000000001
8.98
11.52
7.78
5.24
5.0200000000000005
10.3
15.280000000000001
16.54
10.3
11.42
10.34
8.040000000000001
7.9
6.2
13.48
4.3
12.66
12.780000000000001
8.84
9.120000000000001
12.620000000000001
12.700000000000001
6.96
8.92
10.5
8.4
5.86
5.64
4.74
6.22
5.92
13.94
6.9
4.98
11.48
6.36
11.48
4.92
10.3
13.98
12.74
9.06
10.26
8.58
4.42
8.94
12.780000000000001
10.200000000000001
6.5600000000000005
4.48
8.08
10.200000000000001
7.18
8.32
8.96
3.34
7.46
8.88
10.36
6.96
5.28
7.72
7.88
11.44
7.74
10.1
11.48
10.0
4.54
16.56
10.1
9.06
14.94
12.92
15.120000000000001
11.200000000000001
9.08
10.22
3.36
9.94
12.82
7.36
8.68
8.24
5.88
6.62
6.1000000000000005
9.68
7.7
4.9
7.5200000000000005
8.540000000000001
8.84
8.52
16.5
17.92
8.06
10.98
8.52
7.66
10.32
11.46
8.96
6.54
5.76
6.36
8.78
7.5600000000000005
12.72
8.56
8.44
8.06
9.120000000000001
6.5200000000000005
5.5200000000000005
12.72
11.44
9.0
8.38
7.58
7.88
9.76
9.28
6.7
12.82
11.32
8.8
12.66
11.200000000000001
13.9
4.12
11.44
7.08
5.5600000000000005
8.92
11.46
11.38
6.16
7.88
6.32
2.22
14.88
9.0
6.36
13.84
10.24
10.46
3.74
10.18
8.98
6.88
3.44
6.16
5.0
8.96
7.26
8.540000000000001
4.46
11.56
10.120000000000001
8.76
6.88
10.28
8.96
6.46
5.4
9.98
6.68
16.580000000000002
7.74
11.58
5.2
10.02
5.86
7.42
3.38
7.2
9.9
6.54
7.66
9.1
12.56
11.34
5.22
8.82
11.620000000000001
10.08
10.24
9.26
12.540000000000001
12.58
9.88
11.52
5.68
9.040000000000001
10.28
4.1
7.6000000000000005
6.76
4.72
9.120000000000001
8.620000000000001
8.68
15.0
12.56
9.02
8.700000000000001
12.82
15.3
8.540000000000001
10.46
11.5
11.5
7.5
8.620000000000001
8.52
11.6
11.56
12.64
6.5200000000000005
10.22
9.74
3.7
12.6
7.76
5.9
7.86
3.64
7.34
8.26
11.32
8.06
11.66
5.98
11.120000000000001
16.4
9.0
6.38
10.3
12.780000000000001
6.46
10.200000000000001
4.58
12.780000000000001
10.200000000000001
9.18
7.9
7.86
8.92
9.1
7.26
6.640000000000001
12.44
7.38
6.54
7.640000000000001
3.74
16.5
9.08
5.6000000000000005
1.76
11.16
6.38
16.56
11.08
7.82
9.86
19.36
11.46
6.640000000000001
8.38
5.34
9.1
9.88
5.5
2.86
6.6000000000000005
12.64
11.5
8.42
8.02
8.36
10.42
6.98
11.0
10.16
11.46
11.6
6.62
9.32
6.58
2.38
11.38
8.8
11.1
6.6000000000000005
10.040000000000001
12.780000000000001
11.24
11.44
12.780000000000001
11.46
9.08
10.26
7.26
16.4
4.74
7.72
14.02
4.32
7.92
8.38
6.4
9.96
10.26
15.02
13.98
9.14
9.06
6.58
3.8000000000000003
11.040000000000001
16.44
8.86
7.68
10.02
10.46
14.0
7.16
4.26
3.3000000000000003
3.58
6.46
9.72
8.24
5.58
6.26
5.88
7.44
12.76
8.9
4.74
4.32
12.64
6.78
7.96
11.120000000000001
4.0200000000000005
7.12
8.88
9.82
11.32
11.56
12.620000000000001
11.34
6.66
10.3
13.98
8.08
7.94
6.140000000000001
12.74
8.86
10.14
7.2
5.48
5.34
6.42
9.06
7.2
11.14
12.780000000000001
11.36
5.46
9.18
7.32
12.700000000000001
7.54
6.0600000000000005
5.9
8.0
7.04
16.56
13.72
9.18
8.14
7.68
8.86
10.18
12.72
12.66
10.24
10.040000000000001
7.76
5.0
6.72
11.4
5.64
5.94
16.44
8.040000000000001
3.98
9.040000000000001
6.78
9.0
7.32
7.78
11.58
7.32
12.700000000000001
11.66
8.88
8.06
11.6
8.120000000000001
11.5
3.68
6.54
10.200000000000001
12.68
8.48
6.7
10.18
11.46
6.4
10.34
4.92
7.22
11.200000000000001
6.96
6.3
10.02
7.98
5.9
10.1
13.8
8.0
10.68
8.44
10.32
9.34
5.18
13.620000000000001
13.9
16.46
16.52
5.88
9.46
5.94
8.46
15.22
6.48
8.94
12.34
7.82
10.32
7.74
16.36
8.88
5.3
12.780000000000001
6.92
7.92
10.26
14.040000000000001
4.5600000000000005
11.42
12.780000000000001
7.12
9.32
7.04
7.66
8.56
8.28
7.84
7.0
8.28
8.120000000000001
5.0200000000000005
10.1
9.26
8.96
8.2
7.36
8.44
10.98
8.52
12.48
8.84
3.02
7.88
13.26
6.48
4.74
5.5600000000000005
9.94
7.18
5.98
12.700000000000001
5.08
7.74
8.02
12.52
5.72
6.44
7.2
7.54
7.74
6.4
16.44
11.540000000000001
11.6
6.66
9.120000000000001
7.6000000000000005
8.66
10.38
6.32
9.06
8.98
7.140000000000001
5.58
11.58
12.84
7.7
8.36
6.1000000000000005
3.86
15.16
5.84
8.92
7.7
8.96
9.0
12.48
3.08
7.7
9.14
3.5
6.3
7.92
12.76
7.72
15.200000000000001
11.38
5.32
15.32
14.0
4.96
12.8
6.2
8.24
10.040000000000001
12.88
12.76
6.34
13.8
8.98
6.0200000000000005
9.14
5.14
5.42
8.32
4.12
12.44
8.14
9.1
9.22
8.98
5.78
7.16
7.94
8.64
9.02
9.48
9.040000000000001
4.6000000000000005
10.34
5.78
5.9
9.18
13.98
11.32
13.96
11.56
3.7600000000000002
10.3
10.36
10.32
7.94
7.68
8.700000000000001
12.780000000000001
9.0
9.76
8.52
6.46
9.120000000000001
7.22
8.68
8.040000000000001
6.38
7.8
7.140000000000001
14.02
5.38
10.24
8.2
14.040000000000001
11.5
15.08
11.120000000000001
6.6000000000000005
12.8
4.88
5.0
4.9
7.74
2.14
5.5
6.44
5.5200000000000005
9.34
9.94
11.46
6.32
12.76
7.82
6.72
6.04
6.78
16.68
11.620000000000001
10.28
11.18
14.02
2.88
8.64
7.82
13.82
16.32
9.040000000000001
13.98
2.48
9.76
11.16
11.42
7.0600000000000005
11.18
12.66
8.44
12.280000000000001
8.76
10.42
4.92
12.52
7.18
5.46
11.34
2.18
7.58
7.46
12.76
3.62
7.1000000000000005
9.84
10.120000000000001
6.74
4.16
10.200000000000001
7.84
10.3
7.86
10.48
11.4
6.6000000000000005
11.48
12.780000000000001
12.88
6.58
5.84
0.92
6.24
10.4
12.780000000000001
12.280000000000001
7.0
11.700000000000001
9.82
8.58
4.68
9.94
7.28
11.44
9.1
8.84
6.42
15.120000000000001
14.02
5.16
5.14
10.1
10.26
7.62
7.34
10.08
5.5200000000000005
2.36
6.96
7.26
8.620000000000001
9.9
6.18
15.24
9.040000000000001
11.3
12.56
12.8
5.62
16.54
8.42
5.14
16.46
12.620000000000001
10.18
5.66
6.2
8.08
6.6000000000000005
5.28
9.0
8.34
6.18
7.0600000000000005
8.68
4.74
6.76
9.08
4.7
12.66
5.94
11.52
12.66
12.72
11.36
12.44
10.18
8.88
6.76
4.84
11.38
11.1
6.36
15.040000000000001
10.14
10.200000000000001
11.14
12.72
11.38
8.040000000000001
12.780000000000001
8.6
15.08
16.6
4.0
7.92
6.34
7.68
4.86
4.5200000000000005
13.84
9.1
7.24
6.08
7.9
9.06
10.32
10.0
5.84
9.700000000000001
7.9
8.92
12.72
8.94
2.54
6.36
7.4
10.24
7.84
11.18
7.640000000000001
8.84
9.88
9.02
15.22
7.82
4.3
8.82
10.200000000000001
8.6
12.700000000000001
3.2
7.54
11.44
11.26
9.1
9.34
7.5200000000000005
11.34
9.78
4.5
11.52
3.84
6.140000000000001
12.72
8.98
8.18
9.02
6.640000000000001
6.96
6.26
10.46
12.72
10.34
15.18
5.82
8.76
7.92
12.56
12.72
4.86
11.26
12.64
6.32
10.9
8.040000000000001
16.38
6.4
7.74
10.0
11.52
12.82
11.08
12.540000000000001
8.08
7.4
10.38
8.28
8.74
10.14
7.24
12.42
4.46
6.5
5.78
12.74
5.58
7.0200000000000005
10.120000000000001
8.8
9.120000000000001
3.04
8.58
7.42
8.56
11.1
9.1
8.1
10.18
10.22
5.48
7.0
7.3
8.76
9.14
11.040000000000001
10.0
8.96
7.7
9.88
16.6
8.74
6.18
10.38
5.12
5.72
13.82
12.540000000000001
11.38
7.54
7.44
10.42
7.68
6.44
14.4
11.56
11.64
7.88
9.02
6.76
7.36
12.52
6.98
11.28
9.200000000000001
12.88
16.46
10.3
4.3
11.4
5.3
6.16
6.82
2.2800000000000002
4.48
12.620000000000001
10.4
13.92
7.54
7.38
7.7
12.8
8.68
8.14
6.0200000000000005
10.3
7.46
9.14
9.120000000000001
7.44
14.0
10.16
4.54
7.86
14.02
8.1
5.76
6.5200000000000005
10.28
10.3
2.92
7.84
1.84
7.0200000000000005
10.24
5.7
6.22
8.64
5.22
12.84
5.04
12.58
7.640000000000001
8.620000000000001
8.44
5.82
10.18
10.26
12.46
12.74
6.4
7.62
10.1
7.5600000000000005
11.620000000000001
6.0600000000000005
14.040000000000001
8.040000000000001
8.540000000000001
7.42
4.58
5.0600000000000005
7.82
8.3
9.26
8.72
9.540000000000001
6.62
6.54
14.0
7.96
6.92
8.22
5.5
11.120000000000001
6.8
5.94
12.72
11.44
8.9
11.52
8.38
4.5200000000000005
6.3
6.5200000000000005
8.040000000000001
11.24
4.86
5.48
8.96
7.640000000000001
13.92
16.5
5.82
12.9
10.34
10.18
12.48
9.200000000000001
8.64
6.1000000000000005
3.92
7.5
4.42
7.84
8.72
10.34
7.7
8.700000000000001
11.44
7.76
16.4
4.4
7.22
15.18
9.98
16.52
4.48
11.4
6.98
3.7800000000000002
8.88
10.040000000000001
16.64
8.16
12.66
9.9
9.16
7.38
13.96
13.96
7.82
12.4
10.26
7.38
9.040000000000001
7.5
10.32
8.08
7.3
7.32
5.78
16.42
9.08
16.48
12.76
13.96
13.84
7.78
9.8
6.72
12.52
4.12
11.6
7.82
6.72
7.6000000000000005
6.82
11.34
6.86
9.0
9.06
10.38
8.8
7.78
5.48
15.24
3.2600000000000002
10.120000000000001
12.74
10.3
9.24
12.8
12.74
11.540000000000001
9.02
8.32
8.98
7.32
10.1
8.120000000000001
12.48
6.78
7.22
9.040000000000001
11.620000000000001
13.84
7.54
9.0
13.98
7.9
8.16
8.44
11.16
8.28
7.82
11.44
9.84
8.92
7.86
7.12
13.82
10.96
6.38
9.82
8.42
10.14
14.08
12.86
8.6
11.22
13.86
8.78
4.7
7.86
10.200000000000001
8.9
6.140000000000001
10.040000000000001
8.86
12.84
6.58
10.200000000000001
9.86
10.02
5.96
2.08
8.52
6.44
4.94
8.2
3.52
5.9
9.16
7.4
6.62
7.94
16.4
6.54
2.58
16.42
6.16
9.92
12.780000000000001
2.98
6.88
12.64
9.92
11.18
8.76
7.8
4.7
11.18
8.86
10.36
6.18
8.02
11.5
13.92
7.92
4.9
11.540000000000001
9.14
13.98
12.76
9.040000000000001
12.74
10.3
8.84
5.86
9.86
12.86
7.82
8.18
12.6
9.02
6.66
8.82
5.76
11.42
13.700000000000001
10.18
7.82
6.24
12.68
6.78
9.46
11.540000000000001
10.96
16.64
1.8
7.4
11.32
5.74
5.04
5.78
11.4
6.5200000000000005
4.08
4.2
9.96
9.22
9.08
13.96
6.36
11.4
9.4
7.94
10.26
1.16
9.82
12.56
8.06
7.86
6.42
10.36
11.48
9.16
6.22
8.96
5.42
8.18
4.68
6.86
7.28
12.68
9.02
3.46
10.06
11.22
9.98
7.78
7.18
11.44
6.34
7.0200000000000005
7.76
9.16
7.74
12.82
10.18
13.96
2.96
13.92
12.620000000000001
10.08
10.42
10.24
6.88
11.44
7.2
8.92
5.18
7.0600000000000005
7.72
16.46
11.22
6.0
8.74
12.6
10.36
7.78
5.14
7.78
7.8
7.68
3.72
11.66
7.78
5.4
6.62
8.96
5.28
12.700000000000001
16.580000000000002
6.62
11.46
11.48
7.54
7.98
12.6
10.040000000000001
8.56
13.8
7.5200000000000005
16.46
6.26
11.56
6.640000000000001
6.78
10.06
6.74
14.06
9.48
7.48
7.24
7.54
10.3
16.6
12.6
5.18
8.96
7.68
7.6000000000000005
8.78
5.3
8.92
11.24
10.24
7.62
6.38
10.34
4.68
4.54
6.74
4.3
10.620000000000001
14.120000000000001
11.5
7.7
8.66
15.16
5.78
8.56
6.86
11.4
8.66
6.98
16.62
4.12
10.16
7.28
6.68
11.58
11.56
8.1
15.3
12.76
5.68
3.2800000000000002
12.82
15.34
11.4
10.28
12.74
8.92
13.8
9.0
7.1000000000000005
10.32
8.24
6.28
6.4
7.36
8.14
10.32
7.24
6.34
10.42
7.5600000000000005
11.58
4.04
10.34
6.1000000000000005
8.84
4.78
7.3
11.34
7.16
17.76
9.82
3.7800000000000002
8.96
6.8
9.9
7.54
6.7
14.0
6.26
4.54
10.1
6.5
3.38
10.040000000000001
13.72
15.16
5.0600000000000005
6.3
8.06
12.620000000000001
12.74
8.32
11.16
7.8
10.06
10.24
5.68
8.6
13.82
9.18
8.5
7.96
10.38
11.540000000000001
3.96
11.5
12.82
10.3
4.12
12.76
6.12
10.16
12.42
13.88
5.5600000000000005
6.7
5.1000000000000005
5.32
4.68
15.200000000000001
6.04
10.5
10.14
10.08
8.76
6.76
8.4
7.94
16.68
7.88
6.44
16.54
6.92
7.3
8.44
11.38
7.48
7.62
8.74
9.3
8.72
7.86
11.22
7.9
8.56
7.0200000000000005
10.14
5.34
10.36
11.52
15.16
8.72
3.2800000000000002
10.42
8.98
7.9
5.8
11.02
6.5200000000000005
7.44
8.040000000000001
16.28
11.540000000000001
6.26
12.16
10.24
14.9
4.4
11.36
12.540000000000001
8.08
7.92
8.44
6.44
6.62
5.8
4.78
12.72
7.44
10.06
11.56
10.040000000000001
10.42
0.66
6.46
5.88
4.12
9.86
15.040000000000001
13.92
13.94
3.7600000000000002
13.8
6.96
5.22
7.72
12.780000000000001
16.62
5.24
8.94
9.02
11.46
13.98
8.08
1.3
13.8
11.28
8.620000000000001
1.8
11.34
12.700000000000001
12.68
8.98
11.46
10.24
9.02
12.26
13.86
8.86
16.46
6.44
5.6000000000000005
7.86
11.5
5.64
8.64
8.6
7.12
4.0600000000000005
5.0
11.48
10.28
12.74
9.94
7.0200000000000005
11.26
13.86
14.040000000000001
6.4
8.82
16.3
7.5200000000000005
4.08
10.34
7.8
8.28
9.52
11.56
7.94
12.74
13.88
9.88
16.34
4.86
11.28
10.46
9.86
16.52
9.120000000000001
7.0600000000000005
10.38
7.66
5.5600000000000005
8.82
10.32
10.32
15.22
10.26
12.5
6.54
9.94
8.68
9.540000000000001
9.1
7.78
7.72
5.46
8.66
13.98
8.540000000000001
15.280000000000001
11.58
2.62
7.74
16.68
8.0
7.58
11.22
9.08
8.74
7.6000000000000005
9.22
9.96
7.76
7.54
10.06
9.86
9.120000000000001
8.16
10.120000000000001
6.98
7.5
10.28
11.38
6.8
7.76
10.18
7.94
9.58
4.9
7.82
8.98
6.16
7.8
7.74
12.88
14.96
1.8
4.92
11.52
10.48
15.08
7.78
10.36
6.140000000000001
7.0
5.68
13.96
9.24
9.120000000000001
8.74
11.22
9.120000000000001
11.42
14.02
3.5
8.8
15.280000000000001
12.74
7.54
11.46
5.9
6.66
11.34
9.06
10.120000000000001
16.52
4.82
8.46
12.58
4.96
11.32
3.92
7.24
13.74
9.08
16.48
6.0
8.0
8.66
7.44
8.0
4.98
6.66
8.78
7.76
12.8
13.92
13.96
8.02
12.68
9.120000000000001
10.32
10.26
8.6
7.5200000000000005
8.620000000000001
6.96
11.52
9.24
4.5600000000000005
7.84
6.6000000000000005
11.6
5.72
12.64
6.32
5.82
8.64
7.7
7.8
3.22
11.28
5.0
6.0
9.620000000000001
12.540000000000001
16.48
10.0
8.92
7.96
7.98
7.5
7.0
8.9
6.54
6.66
7.58
5.5200000000000005
12.3
11.34
9.06
11.3
7.78
6.18
13.92
7.72
11.3
7.28
10.22
8.540000000000001
7.640000000000001
3.18
9.540000000000001
10.08
6.4
7.68
12.32
7.54
6.82
13.74
8.28
8.74
9.0
7.82
7.76
11.58
7.26
5.5200000000000005
12.56
10.200000000000001
7.48
14.0
8.76
11.36
9.98
4.62
5.2
4.74
8.36
7.48
8.82
10.28
7.22
7.72
11.4
14.02
10.22
5.14
12.44
4.0600000000000005
7.3
12.72
8.42
6.58
9.08
8.26
6.94
8.44
6.4
5.7
2.4
10.36
14.98
4.8
8.38
8.9
12.58
5.22
8.8
11.34
10.3
8.8
14.02
11.540000000000001
6.5600000000000005
16.56
6.04
5.08
4.28
10.06
6.04
9.98
13.82
6.3
10.3
7.54
10.06
6.96
7.96
16.34
1.32
6.18
12.8
10.1
7.28
6.66
10.18
4.86
11.040000000000001
15.06
7.8
10.22
9.1
8.96
8.6
8.84
15.24
6.94
10.38
6.84
6.22
8.08
7.54
13.8
11.56
6.38
8.66
7.98
8.6
9.0
6.98
6.0600000000000005
1.32
5.62
8.92
8.76
12.38
9.82
16.52
11.48
8.78
16.44
15.1
16.36
8.34
5.12
16.580000000000002
12.88
6.18
11.24
4.54
11.36
10.26
7.12
11.52
10.46
6.28
6.4
11.26
8.9
13.74
11.18
7.42
7.18
10.26
10.26
6.18
13.88
11.36
6.8
7.92
8.2
8.72
11.4
7.96
9.24
6.640000000000001
6.74
9.94
9.040000000000001
9.040000000000001
8.72
8.24
4.42
12.24
7.34
13.94
13.8
5.32
7.34
9.120000000000001
11.44
8.24
15.16
9.16
6.82
6.46
5.2
9.88
8.540000000000001
8.28
7.32
10.3
11.36
10.18
7.5200000000000005
16.64
8.48
10.24
6.5600000000000005
5.76
12.780000000000001
9.06
11.32
11.18
7.68
8.700000000000001
11.26
9.16
8.76
9.56
7.78
12.780000000000001
8.540000000000001
8.82
11.3
15.22
10.06
7.140000000000001
11.32
6.9
10.32
6.72
17.86
11.44
6.46
15.26
12.76
16.240000000000002
14.94
13.8
7.58
12.68
12.26
12.18
6.94
6.22
6.08
13.98
10.48
13.8
6.8
14.98
10.120000000000001
4.88
6.22
11.24
8.88
8.74
5.5600000000000005
13.9
11.18
8.8
6.98
8.700000000000001
5.18
8.1
5.24
11.56
8.94
3.52
11.16
8.98
12.540000000000001
2.1
10.38
6.5
15.22
9.08
8.620000000000001
9.0
6.98
7.98
7.92
5.24
11.58
11.34
6.84
7.7
8.040000000000001
11.26
8.540000000000001
9.120000000000001
8.44
15.200000000000001
4.46
12.780000000000001
8.84
11.36
8.14
8.86
11.38
7.92
8.06
7.1000000000000005
12.82
5.48
6.5200000000000005
5.42
11.38
12.72
13.86
13.72
15.120000000000001
5.94
7.92
8.46
11.42
4.64
9.0
7.86
10.26
16.52
5.18
11.48
10.32
5.76
9.700000000000001
8.9
12.76
10.32
4.96
11.48
9.98
10.08
14.040000000000001
3.4
7.0200000000000005
12.82
10.16
7.68
10.02
12.5
12.48
7.92
12.6
8.32
7.36
16.46
7.26
10.200000000000001
6.3
8.56
6.42
11.6
7.6000000000000005
6.22
9.18
10.26
10.22
5.2
12.92
10.18
8.58
10.16
3.0
13.94
9.040000000000001
11.34
14.0
6.2
5.96
8.94
8.4
12.76
7.9
8.6
3.04
9.02
7.0
9.040000000000001
7.68
8.620000000000001
6.66
4.82
6.48
6.82
5.16
4.84
11.4
8.76
8.2
4.2
8.92
8.46
11.620000000000001
7.46
9.1
13.96
7.5200000000000005
9.200000000000001
7.0200000000000005
9.96
6.8
12.76
6.26
12.74
8.46
6.5600000000000005
15.24
11.14
12.64
10.24
10.3
12.620000000000001
16.46
4.0600000000000005
10.200000000000001
5.4
7.18
8.82
10.98
11.34
7.92
16.48
10.200000000000001
7.82
5.28
12.66
10.200000000000001
13.96
6.74
8.14
9.08
8.56
8.02
12.76
6.48
8.540000000000001
11.1
8.82
13.8
11.46
9.44
9.56
12.72
16.740000000000002
8.9
6.78
7.96
4.78
14.96
8.040000000000001
10.040000000000001
11.52
7.72
7.78
8.84
14.06
12.8
8.96
14.06
13.98
7.2
8.8
7.88
6.36
9.18
15.0
5.14
8.88
13.66
6.5200000000000005
9.06
10.32
10.84
10.16
4.38
11.22
7.82
6.22
8.5
9.08
8.48
10.06
5.5600000000000005
4.74
12.56
7.24
7.94
10.120000000000001
7.84
11.5
12.46
11.36
7.16
15.24
12.58
12.780000000000001
12.72
6.9
13.82
9.8
7.140000000000001
13.9
12.700000000000001
10.14
7.72
10.22
4.94
12.74
9.040000000000001
16.48
6.46
15.120000000000001
5.54
7.2
9.1
7.78
12.68
9.120000000000001
12.8
11.44
11.620000000000001
5.0
8.18
6.78
6.22
12.76
8.48
12.42
13.86
8.26
11.4
12.76
11.34
6.62
7.94
9.02
8.3
7.640000000000001
16.6
11.620000000000001
10.040000000000001
7.1000000000000005
6.48
2.0
9.24
7.54
10.14
15.14
10.28
7.94
7.08
11.68
6.94
8.0
7.86
7.88
12.48
9.24
6.34
10.18
10.18
6.88
8.02
7.28
7.9
12.76
10.36
9.94
7.62
7.9
6.82
9.94
12.72
8.46
11.200000000000001
7.88
5.44
5.08
11.36
7.84
8.120000000000001
7.12
7.28
4.9
7.88
8.46
7.140000000000001
10.22
10.4
10.26
3.12
6.6000000000000005
6.26
6.94
10.0
12.780000000000001
5.28
9.68
7.18
8.82
12.700000000000001
6.72
16.68
5.54
7.92
14.06
10.28
9.18
3.84
10.08
5.2
8.74
6.22
9.120000000000001
8.26
6.66
10.26
12.38
7.16
10.18
5.04
6.24
2.34
7.86
8.94
7.66
9.46
8.92
5.98
14.0
4.3
7.7
11.540000000000001
5.58
7.84
10.540000000000001
10.3
5.16
5.94
6.38
5.24
9.96
4.6000000000000005
9.040000000000001
9.1
11.36
4.26
12.92
11.32
10.26
11.48
11.48
10.22
3.92
6.18
9.06
15.22
12.68
9.120000000000001
8.68
8.98
4.94
9.1
12.48
6.74
5.44
10.24
15.120000000000001
10.18
8.78
6.44
11.4
4.32
12.48
4.54
6.08
10.120000000000001
7.88
10.78
7.76
7.78
6.26
5.5200000000000005
6.38
4.2
7.26
16.62
7.88
5.4
13.94
10.3
10.22
16.34
7.32
11.66
6.3
16.5
9.72
8.76
11.46
5.82
7.88
11.22
6.1000000000000005
7.68
6.5600000000000005
8.94
5.46
16.36
1.8
13.96
8.9
8.9
13.0
7.28
3.52
16.38
7.42
10.200000000000001
8.72
10.38
12.8
10.32
11.3
8.96
5.5
6.74
5.18
5.86
4.4
12.780000000000001
10.06
11.5
10.040000000000001
3.38
1.28
8.94
8.58
5.0
5.66
6.0
8.78
11.22
5.98
2.7800000000000002
5.04
6.44
10.200000000000001
10.02
6.38
12.52
7.2
7.12
16.48
9.84
6.32
6.6000000000000005
8.120000000000001
5.2
5.3
8.66
10.16
8.42
11.46
9.26
5.84
10.36
6.74
3.2
11.44
6.0600000000000005
10.08
6.86
8.98
8.1
6.72
7.5
10.040000000000001
16.56
8.82
8.68
11.44
9.32
6.24
7.86
8.78
7.68
9.040000000000001
4.94
8.88
6.92
5.8
7.08
6.640000000000001
13.82
5.46
8.92
7.94
6.26
6.32
9.06
7.92
12.620000000000001
8.64
10.14
11.36
5.14
16.4
8.98
7.3
7.34
1.82
5.28
12.700000000000001
8.3
13.96
11.68
6.46
11.5
6.4
8.36
7.66
1.92
4.8
13.96
4.9
15.02
8.78
6.84
15.200000000000001
10.02
6.640000000000001
9.86
13.700000000000001
4.42
10.120000000000001
7.84
10.22
12.66
9.120000000000001
10.18
10.200000000000001
6.7
8.76
3.36
7.6000000000000005
15.06
12.68
10.22
10.38
8.1
4.44
16.36
11.3
8.88
12.6
12.64
10.02
11.6
15.200000000000001
7.88
10.02
7.66
10.3
6.4
11.56
12.700000000000001
11.6
11.48
10.14
15.16
9.18
8.92
9.02
7.92
1.96
11.5
6.18
10.200000000000001
5.3
6.38
13.66
8.44
7.6000000000000005
6.92
8.94
5.12
7.98
8.9
8.040000000000001
12.66
9.120000000000001
6.36
4.46
7.68
6.44
6.78
11.5
8.94
9.72
7.28
5.84
7.78
10.36
7.640000000000001
12.6
7.38
6.42
12.68
12.14
4.4
6.86
7.78
10.24
5.62
8.56
6.0
11.4
4.46
8.2
8.22
7.96
11.32
11.52
12.68
7.78
5.92
10.38
8.46
7.82
15.14
13.88
3.62
12.8
3.8200000000000003
8.38
12.64
11.32
10.18
10.1
13.24
7.72
9.120000000000001
8.86
7.86
4.0
6.54
3.94
6.54
8.38
7.26
15.200000000000001
9.120000000000001
8.02
7.8
6.5200000000000005
8.620000000000001
16.52
7.9
8.86
9.64
8.96
4.78
11.34
6.44
13.98
11.26
12.74
4.14
13.92
12.620000000000001
2.14
7.38
6.58
7.5200000000000005
6.2
7.38
6.6000000000000005
7.5200000000000005
3.22
15.16
8.540000000000001
6.0
11.32
9.8
6.18
8.5
6.96
5.96
13.6
5.28
5.22
7.58
9.120000000000001
6.62
12.52
11.48
10.200000000000001
12.74
8.38
4.08
11.24
8.86
8.1
9.02
7.32
6.98
10.28
4.54
9.200000000000001
15.32
13.98
3.74
7.5
3.88
12.92
11.42
4.0
10.38
9.18
10.3
12.56
7.0
7.6000000000000005
13.96
6.36
4.32
12.64
9.700000000000001
4.92
6.0200000000000005
8.86
8.38
7.58
10.22
12.6
8.620000000000001
7.88
11.46
12.74
11.56
9.58
5.22
9.120000000000001
10.42
7.66
9.14
11.52
8.84
10.3
7.62
7.88
7.7
6.0200000000000005
6.640000000000001
9.040000000000001
6.2
8.34
11.58
16.5
8.8
8.56
7.88
11.32
7.42
9.0
7.98
8.5
9.200000000000001
7.4
6.76
9.06
14.120000000000001
6.9
10.22
10.24
5.04
11.56
7.32
10.0
15.200000000000001
16.66
6.7
10.14
13.620000000000001
5.66
6.76
8.44
8.8
6.34
10.28
7.62
8.8
7.86
9.96
14.0
12.48
8.82
13.780000000000001
11.42
8.14
13.92
7.62
11.5
9.18
8.18
10.4
12.64
11.24
12.6
6.0
11.52
8.96
11.46
5.22
7.92
5.84
6.42
1.98
6.4
7.86
10.18
7.94
5.34
11.1
10.16
6.22
10.28
12.8
9.040000000000001
4.28
7.74
7.84
7.68
11.540000000000001
8.4
5.26
16.32
10.36
2.82
6.32
15.24
10.34
3.34
13.98
6.5200000000000005
6.74
9.78
16.52
8.98
8.94
5.28
7.5600000000000005
8.58
9.02
6.5600000000000005
5.78
6.58
6.46
9.86
7.68
10.22
8.58
11.42
15.22
5.36
3.0
15.06
12.74
4.66
6.7
11.36
8.88
11.620000000000001
12.86
8.94
8.94
2.48
4.82
7.4
8.98
8.6
12.72
12.72
15.26
7.96
7.58
14.040000000000001
15.02
9.3
11.46
6.6000000000000005
8.4
10.28
8.08
7.5600000000000005
9.08
9.14
12.72
7.28
6.22
6.6000000000000005
6.62
5.82
12.66
9.16
13.94
12.72
8.46
12.74
13.88
2.82
12.8
7.72
3.96
15.24
16.5
7.58
6.34
9.84
5.24
2.52
16.5
4.66
8.72
6.88
11.26
13.96
11.6
10.040000000000001
6.28
8.06
7.5
8.64
8.84
6.5200000000000005
5.62
5.38
11.3
6.640000000000001
7.24
12.780000000000001
14.02
9.9
2.32
7.66
5.34
4.22
16.5
10.34
10.22
7.5
12.92
9.08
13.96
6.8
7.76
7.72
7.0200000000000005
7.24
9.14
6.98
10.18
6.04
11.36
8.86
7.94
5.98
5.42
9.02
11.56
4.92
11.44
8.96
6.54
8.52
6.68
14.1
9.16
7.6000000000000005
6.98
10.16
8.48
10.34
5.54
13.9
12.74
8.9
9.4
7.78
5.7
5.38
8.68
6.5600000000000005
5.04
5.66
8.78
11.64
12.74
7.84
14.040000000000001
5.86
1.92
5.54
8.68
7.5200000000000005
8.84
11.52
6.46
7.0
13.780000000000001
8.42
15.08
1.72
11.38
10.28
10.36
7.86
10.22
4.96
15.0
7.66
8.86
10.24
8.52
11.64
7.5600000000000005
9.200000000000001
2.96
10.36
12.86
12.72
11.56
8.040000000000001
3.7
6.78
17.16
10.26
9.88
16.48
13.18
9.16
10.38
7.18
11.24
6.26
10.96
8.58
5.72
3.9
8.38
16.56
2.86
11.34
12.72
1.52
8.72
8.82
5.04
9.14
7.640000000000001
6.94
15.200000000000001
12.72
8.58
12.700000000000001
15.16
10.14
2.3000000000000003
7.98
11.46
6.24
6.08
7.36
10.120000000000001
6.58
6.94
9.84
7.54
9.9
10.32
9.9
12.76
4.42
9.76
8.42
4.14
5.98
8.68
6.6000000000000005
10.26
11.26
9.98
6.24
11.5
7.86
14.02
6.48
7.46
11.6
13.98
8.6
6.76
8.700000000000001
8.14
10.26
6.54
11.46
5.1000000000000005
13.98
10.18
6.9
6.9
3.38
7.2
11.14
11.44
7.98
5.26
5.3
6.5600000000000005
11.200000000000001
15.1
7.92
9.96
10.040000000000001
2.38
13.9
11.52
11.18
13.98
4.2
12.76
10.16
7.0200000000000005
3.94
7.78
7.24
11.52
7.88
9.92
8.32
9.0
9.24
13.64
4.72
4.72
6.24
7.46
7.0600000000000005
12.780000000000001
11.48
8.52
11.1
12.68
11.5
10.0
9.0
13.96
16.72
8.78
10.32
3.98
16.54
11.540000000000001
9.44
6.9
4.54
8.94
11.46
10.26
10.38
7.76
15.1
15.200000000000001
10.18
8.98
9.700000000000001
6.0600000000000005
10.96
6.84
12.58
8.88
13.9
8.78
2.5
5.0200000000000005
5.38
10.16
11.4
10.24
13.98
7.44
11.540000000000001
15.1
6.0
12.74
8.28
11.56
6.16
15.18
9.040000000000001
4.88
13.96
7.0200000000000005
9.9
12.700000000000001
11.4
10.4
12.64
6.6000000000000005
11.64
11.34
7.04
8.1
8.94
16.580000000000002
8.82
5.42
10.26
16.52
16.5
8.56
1.48
6.5
5.54
7.94
13.98
11.44
6.68
7.78
12.88
8.68
8.92
8.92
0.76
10.3
7.74
12.66
15.08
13.92
9.06
5.22
10.200000000000001
10.14
10.24
11.14
11.46
9.040000000000001
9.9
9.84
6.38
7.18
6.2
10.0
6.96
9.84
3.88
11.6
8.26
6.76
13.9
12.74
5.4
7.98
6.54
7.8
12.88
2.1
15.3
5.86
5.76
7.8
12.32
6.98
8.1
10.22
12.780000000000001
6.72
7.5200000000000005
11.46
11.5
8.84
7.82
12.6
14.06
7.92
15.1
5.86
12.8
10.22
6.44
13.92
11.64
10.24
8.48
12.76
5.94
3.48
2.2600000000000002
1.7
8.3
6.7
8.96
8.42
8.96
12.56
6.54
8.120000000000001
7.0
11.52
13.84
6.28
11.56
14.0
7.82
6.62
6.68
9.16
6.5600000000000005
9.16
9.040000000000001
11.620000000000001
6.84
6.98
12.280000000000001
10.8
7.98
15.02
5.8
9.98
8.92
9.02
10.34
12.620000000000001
13.540000000000001
7.84
8.96
11.56
6.36
4.04
8.6
6.82
10.1
4.44
6.62
6.76
12.72
9.040000000000001
9.94
6.48
11.24
7.88
7.58
6.58
6.66
11.6
10.38
8.9
8.96
11.48
7.44
4.3
6.96
13.96
8.94
8.26
10.18
8.72
8.4
6.24
8.34
4.84
6.74
7.74
3.42
8.1
8.120000000000001
8.84
9.08
10.3
4.66
11.44
8.56
9.24
12.76
10.36
12.86
9.16
12.700000000000001
5.5200000000000005
4.5
6.1000000000000005
7.96
6.140000000000001
5.42
12.4
6.84
9.14
2.88
9.84
2.56
12.52
16.56
6.6000000000000005
10.540000000000001
5.98
5.04
11.540000000000001
12.66
8.700000000000001
5.3
9.120000000000001
6.92
10.040000000000001
13.82
9.96
7.3
5.44
6.4
12.84
4.64
5.16
6.78
5.66
9.92
9.98
11.1
11.120000000000001
4.28
9.74
7.84
7.34
5.04
5.62
13.98
10.24
7.62
11.4
6.5600000000000005
8.98
16.42
5.32
7.96
6.88
5.92
15.08
7.140000000000001
5.12
13.780000000000001
11.6
6.66
4.2
15.200000000000001
13.68
4.94
4.98
5.68
5.64
13.9
9.84
9.06
3.72
4.58
9.64
11.5
16.580000000000002
11.200000000000001
8.6
9.08
10.18
12.700000000000001
12.88
8.66
1.52
11.22
6.78
5.28
8.84
6.78
9.14
9.040000000000001
7.92
8.8
4.0200000000000005
5.36
8.46
15.120000000000001
14.02
8.82
9.22
6.78
12.44
2.02
5.38
12.84
7.9
16.56
13.84
7.48
17.92
6.86
8.700000000000001
12.74
13.76
9.02
9.14
7.54
8.56
4.5600000000000005
10.36
6.46
11.28
10.14
6.22
11.28
8.94
7.36
6.0600000000000005
10.4
8.56
7.0200000000000005
6.1000000000000005
8.8
5.62
9.1
8.040000000000001
9.0
7.8
9.02
13.88
8.0
10.34
5.92
5.5200000000000005
12.780000000000001
6.54
11.52
13.84
9.8
6.4
7.66
8.82
16.42
10.64
7.5200000000000005
11.46
12.82
9.040000000000001
5.3
7.66
7.72
8.540000000000001
5.94
9.040000000000001
16.54
6.86
10.34
10.16
5.9
16.4
13.92
9.06
8.32
9.84
7.0200000000000005
8.98
10.26
15.1
11.58
8.98
8.86
10.06
7.82
12.84
5.54
9.36
4.98
8.22
12.66
9.02
6.46
8.36
9.94
6.16
5.44
11.5
11.52
8.120000000000001
9.040000000000001
9.88
8.6
9.82
7.0600000000000005
15.3
8.36
9.120000000000001
15.24
8.76
6.38
8.92
13.82
11.3
15.22
10.1
5.28
7.0
11.58
11.3
2.7
7.96
15.200000000000001
8.68
8.26
4.66
11.46
5.96
5.2
10.22
11.6
8.94
10.18
8.22
9.98
6.3
6.62
6.72
8.32
12.68
6.38
14.02
8.700000000000001
12.66
7.44
5.1000000000000005
10.040000000000001
7.16
6.12
15.200000000000001
8.9
12.86
2.46
8.92
3.6
8.1
6.78
8.9
13.84
10.16
7.34
8.66
11.18
13.96
13.9
6.74
11.46
8.0
15.24
10.4
10.200000000000001
8.88
9.26
11.48
5.5600000000000005
15.3
6.12
10.38
12.74
13.8
10.18
9.0
10.22
7.46
8.82
10.200000000000001
15.22
7.640000000000001
10.36
12.66
11.540000000000001
13.98
10.4
7.5200000000000005
11.5
7.72
15.1
8.96
10.06
10.16
13.9
10.28
6.82
7.7
10.36
16.76
9.040000000000001
10.28
6.8
9.16
9.16
8.24
7.640000000000001
10.96
12.72
6.74
6.74
8.52
8.18
10.36
7.0200000000000005
7.84
6.9
11.38
12.64
7.46
12.64
8.82
6.86
6.08
12.8
8.82
6.0200000000000005
12.64
2.96
6.48
12.72
15.120000000000001
12.82
12.76
11.540000000000001
11.78
11.42
8.98
10.040000000000001
10.36
5.6000000000000005
6.0200000000000005
12.82
13.9
5.5
10.22
5.94
13.98
7.32
7.78
6.62
13.92
9.120000000000001
6.76
7.62
11.120000000000001
8.76
8.1
11.38
6.12
12.76
6.86
5.76
5.34
10.24
7.82
16.42
11.4
10.120000000000001
5.46
4.32
14.040000000000001
12.88
13.36
10.28
5.94
11.58
12.68
11.28
7.58
15.040000000000001
8.08
9.02
7.140000000000001
8.540000000000001
8.4
11.44
7.96
11.4
3.64
7.88
8.76
10.32
12.72
15.22
10.26
13.84
13.9
12.64
10.06
8.6
10.24
5.4
15.22
11.6
9.18
12.56
12.74
8.68
13.76
4.98
7.68
8.68
11.5
7.2
9.06
6.3
12.72
10.24
8.78
7.76
4.76
7.72
7.78
7.26
10.08
6.28
11.4
8.14
5.7
11.44
10.26
7.5600000000000005
11.28
7.34
8.88
10.06
7.0200000000000005
12.700000000000001
8.6
6.74
8.24
8.74
7.42
3.7800000000000002
7.0200000000000005
1.36
9.08
15.280000000000001
13.96
4.98
10.3
3.56
6.68
6.18
7.28
6.98
6.24
12.84
7.76
8.98
12.9
12.8
10.26
7.68
6.66
11.5
11.34
13.92
16.54
8.8
11.08
8.74
5.62
6.74
7.42
8.38
12.48
8.64
11.08
11.6
12.540000000000001
7.46
7.36
4.9
9.32
10.28
7.74
6.42
8.84
5.98
14.0
7.24
13.84
10.200000000000001
6.48
7.0200000000000005
12.540000000000001
7.72
3.7
9.92
6.76
13.98
10.08
7.640000000000001
12.280000000000001
9.16
7.76
11.46
4.12
6.82
8.84
5.62
11.42
8.98
6.72
11.540000000000001
11.58
6.5
7.76
11.52
7.78
6.34
14.48
12.64
5.36
7.74
7.640000000000001
11.4
13.86
8.58
12.74
12.74
5.84
7.640000000000001
8.72
3.58
9.1
13.92
6.88
7.42
5.46
11.120000000000001
7.48
11.52
2.7600000000000002
4.24
2.2
8.9
8.620000000000001
5.82
2.04
9.14
6.04
7.78
5.98
10.36
12.780000000000001
7.86
6.62
9.02
6.16
6.76
6.86
10.06
6.62
7.54
12.52
13.84
6.86
4.82
8.14
13.84
10.26
10.24
12.68
7.76
11.18
8.92
11.16
6.5600000000000005
8.540000000000001
7.8
8.58
10.4
11.620000000000001
7.8
6.28
14.06
15.16
12.66
13.6
13.84
11.46
7.34
16.52
8.74
15.18
10.1
8.98
16.62
5.8
6.92
7.72
11.36
10.42
8.74
11.6
11.4
11.040000000000001
8.92
7.94
9.0
8.9
12.8
8.82
12.72
12.76
15.120000000000001
8.24
2.6
4.6000000000000005
7.7
7.68
6.46
4.24
10.36
6.74
6.74
6.48
14.4
5.76
9.120000000000001
6.5200000000000005
10.22
7.48
10.02
9.16
6.58
6.68
5.66
9.78
8.76
10.18
7.5
9.98
13.9
7.6000000000000005
10.16
7.54
6.94
8.4
15.16
8.3
7.26
6.5600000000000005
14.0
10.18
9.24
8.76
10.4
6.58
9.02
7.82
10.32
5.18
15.22
11.36
10.16
7.96
6.0200000000000005
16.72
7.0200000000000005
6.28
7.0200000000000005
11.32
7.04
13.780000000000001
10.08
6.42
3.3000000000000003
14.1
7.76
7.96
5.98
12.780000000000001
10.06
7.5600000000000005
11.02
3.94
13.82
12.52
7.0600000000000005
12.82
12.82
8.36
12.58
11.200000000000001
10.74
11.64
5.22
10.120000000000001
7.34
7.0200000000000005
8.6
4.96
8.040000000000001
11.22
6.36
4.6000000000000005
4.82
13.96
13.92
5.96
5.9
9.0
7.6000000000000005
5.42
10.06
10.3
12.620000000000001
6.140000000000001
12.72
14.1
12.34
8.700000000000001
11.540000000000001
7.46
6.5
6.72
7.76
7.24
6.2
9.06
6.640000000000001
6.26
1.4000000000000001
10.06
7.58
5.68
8.66
2.38
13.6
7.82
8.4
7.86
10.92
11.26
11.4
8.620000000000001
11.22
12.66
1.6
4.08
6.58
11.18
6.78
10.08
9.9
12.72
14.02
7.88
8.46
2.72
8.16
6.62
10.32
10.18
11.42
7.36
12.64
4.08
10.200000000000001
12.6
11.700000000000001
12.46
7.84
6.5
8.52
11.46
8.22
8.120000000000001
10.36
7.42
11.46
7.5
8.6
9.040000000000001
5.5600000000000005
12.780000000000001
11.4
13.86
8.3
11.42
11.44
7.94
8.620000000000001
1.6
7.88
9.0
8.94
6.640000000000001
6.98
4.86
12.6
5.9
8.3
11.5
15.06
12.74
11.32
11.36
7.9
8.02
10.06
7.0600000000000005
7.82
5.34
7.8
10.24
7.08
4.6000000000000005
6.08
7.82
13.92
15.26
7.24
8.1
6.5
13.72
9.96
11.28
7.68
16.52
8.92
16.54
12.8
7.84
12.780000000000001
10.26
5.96
7.58
5.98
8.120000000000001
5.54
13.98
8.94
4.74
5.64
10.24
16.34
7.88
7.78
8.9
7.68
6.84
3.52
5.36
7.16
7.84
10.28
7.68
1.6600000000000001
7.2
7.88
11.08
7.7
8.84
7.92
3.24
9.96
5.28
12.82
14.0
5.72
6.68
6.8
6.86
5.12
6.76
9.28
10.38
8.82
10.1
12.72
7.36
9.08
8.98
8.9
10.22
6.88
4.9
11.32
5.28
15.22
11.48
11.540000000000001
9.86
10.200000000000001
14.02
10.86
10.02
14.040000000000001
11.46
9.22
6.3
11.32
9.1
12.46
14.4
8.6
13.700000000000001
12.780000000000001
8.36
10.24
10.14
1.78
7.8
13.86
9.040000000000001
11.56
8.5
10.3
9.18
11.040000000000001
6.5600000000000005
9.84
14.02
4.98
7.16
8.98
5.92
3.68
8.86
7.140000000000001
12.6
12.82
13.96
5.44
11.48
16.4
5.48
7.88
10.200000000000001
9.74
8.56
6.0600000000000005
15.040000000000001
6.9
8.92
7.68
7.92
4.76
5.36
8.48
8.96
7.84
11.14
7.1000000000000005
5.54
8.92
4.86
11.540000000000001
7.22
13.86
3.48
13.96
6.62
7.32
7.66
6.5200000000000005
15.120000000000001
9.1
11.620000000000001
11.540000000000001
16.42
5.38
4.5
12.48
11.44
7.74
10.38
11.18
11.06
7.46
15.200000000000001
4.48
13.82
11.1
7.12
15.18
6.0600000000000005
7.62
8.86
10.22
11.46
6.5200000000000005
4.82
8.08
5.54
10.1
5.66
6.94
8.040000000000001
12.74
8.8
11.46
10.16
11.4
9.98
8.1
11.58
6.26
9.24
12.46
13.88
11.36
11.540000000000001
5.54
7.48
8.88
11.44
7.38
9.66
7.640000000000001
6.640000000000001
6.2
12.58
3.52
6.5200000000000005
3.46
6.5
9.1
5.18
11.22
4.88
7.54
10.32
11.540000000000001
9.16
6.46
4.08
8.9
8.0
6.88
7.88
10.3
10.86
16.38
11.120000000000001
12.72
10.14
15.18
11.52
8.38
6.66
9.16
10.4
5.26
9.56
9.96
9.120000000000001
10.32
1.76
11.34
12.36
9.96
11.24
8.78
7.78
12.700000000000001
10.200000000000001
9.06
11.3
15.16
9.22
10.22
15.1
10.26
12.82
10.26
9.08
5.0200000000000005
7.86
16.580000000000002
10.24
6.28
4.72
6.44
7.5600000000000005
7.16
6.640000000000001
13.98
4.42
14.08
6.28
5.5600000000000005
7.44
6.92
10.02
6.5600000000000005
8.4
11.18
10.22
13.9
6.62
6.98
9.22
7.8
9.88
16.6
6.12
8.86
13.8
11.3
5.74
8.0
8.74
9.86
7.24
6.5600000000000005
6.96
7.66
7.22
9.040000000000001
8.42
8.040000000000001
7.96
12.540000000000001
10.120000000000001
9.98
5.24
13.72
9.94
12.6
10.120000000000001
10.06
6.62
7.96
8.02
8.16
5.24
8.1
7.32
16.46
6.46
9.040000000000001
13.84
9.14
7.140000000000001
9.3
8.82
1.16
4.0200000000000005
7.84
12.64
3.08
13.92
10.1
7.4
6.66
7.34
9.06
12.38
13.540000000000001
8.540000000000001
13.9
9.040000000000001
5.3
9.84
12.8
14.98
10.24
12.72
7.98
7.88
6.6000000000000005
8.92
11.42
10.42
12.780000000000001
11.200000000000001
4.66
8.5
6.54
8.66
12.84
6.36
12.5
4.26
6.16
7.66
10.44
15.120000000000001
10.46
8.3
7.04
9.84
6.38
8.36
7.1000000000000005
8.76
6.640000000000001
7.94
8.78
6.74
4.92
16.46
12.8
11.28
10.92
11.38
12.34
7.88
10.08
14.0
11.48
11.46
5.9
13.64
10.3
10.14
12.620000000000001
11.36
6.1000000000000005
16.580000000000002
12.540000000000001
11.36
6.54
10.42
12.94
15.280000000000001
6.18
8.9
6.58
12.66
11.58
10.08
10.34
12.700000000000001
3.1
8.700000000000001
6.0
12.32
9.94
4.48
15.18
6.08
7.82
10.32
8.92
8.38
11.02
7.58
7.8
7.84
16.3
13.620000000000001
7.46
10.38
8.74
13.780000000000001
12.84
7.0
7.58
8.82
11.6
5.24
14.0
6.3
11.4
5.0
13.88
3.9
10.42
5.94
9.3
7.1000000000000005
15.22
5.62
6.0200000000000005
8.92
8.9
11.32
6.38
8.84
14.14
9.120000000000001
10.0
15.200000000000001
11.24
5.26
7.58
7.68
9.86
6.48
8.9
13.84
10.200000000000001
7.36
12.4
12.5
8.1
14.120000000000001
9.92
7.24
12.6
9.34
10.34
13.92
7.08
12.620000000000001
7.66
10.1
9.0
9.1
5.0
8.040000000000001
6.94
11.64
5.88
10.36
6.18
11.36
6.62
6.5200000000000005
10.0
7.7
16.46
10.18
10.3
7.2
7.84
10.4
10.040000000000001
6.8
4.5
8.92
8.76
11.6
5.28
7.0
15.120000000000001
5.42
16.580000000000002
5.28
7.2
8.44
6.44
8.26
5.7
9.96
1.76
5.48
6.74
10.02
9.94
11.14
12.68
8.48
7.04
6.18
9.08
13.56
11.5
5.08
5.36
8.22
8.0
13.88
9.88
12.58
10.24
9.26
5.18
4.84
5.86
8.76
8.700000000000001
7.88
5.74
7.640000000000001
6.8
10.34
8.82
7.94
6.1000000000000005
5.3
8.78
4.82
9.120000000000001
13.98
11.620000000000001
9.0
13.92
10.28
9.08
8.16
8.98
8.84
7.22
9.96
9.0
7.82
9.92
11.38
10.18
7.3
12.84
9.0
10.32
7.4
5.2
10.200000000000001
11.6
13.88
12.84
11.28
7.46
10.24
9.82
1.56
10.200000000000001
6.28
8.02
9.88
6.26
6.48
12.780000000000001
11.24
6.5
8.5
12.8
10.4
3.1
7.0
7.84
6.32
7.8
11.52
5.34
12.38
6.4
8.32
10.02
8.6
16.44
7.68
8.02
13.700000000000001
11.36
10.040000000000001
15.06
7.42
15.18
5.38
11.56
7.74
7.58
7.42
6.58
11.14
10.14
7.72
12.68
6.8
6.48
15.200000000000001
6.12
6.48
7.5
8.88
8.94
10.28
6.38
7.12
3.24
8.96
16.64
5.6000000000000005
12.66
9.26
6.32
6.5600000000000005
6.76
10.86
9.28
7.78
11.4
11.34
6.78
10.14
11.22
13.82
10.200000000000001
6.08
15.14
8.58
10.06
7.66
4.22
12.86
4.74
14.0
9.0
11.3
3.84
9.040000000000001
7.96
8.06
12.700000000000001
5.22
9.92
8.5
2.0
11.32
6.36
13.68
15.32
12.66
10.26
6.640000000000001
5.46
3.7800000000000002
8.66
10.040000000000001
7.94
12.700000000000001
11.16
10.14
15.16
8.88
5.74
7.94
7.48
10.200000000000001
8.5
11.48
7.16
8.98
8.26
16.32
7.16
13.94
12.540000000000001
7.74
6.44
11.22
9.040000000000001
5.86
8.98
7.5
7.8
12.540000000000001
4.5200000000000005
7.24
5.5600000000000005
6.28
6.58
11.48
8.5
8.6
12.6
10.32
7.22
5.08
13.72
10.28
8.58
8.96
11.68
5.7
16.7
11.4
6.6000000000000005
5.7
4.66
16.54
7.48
11.24
10.32
13.9
14.9
13.86
6.46
15.16
7.76
5.58
10.040000000000001
8.88
7.140000000000001
11.4
6.92
15.280000000000001
10.06
10.34
7.38
7.5
13.94
6.9
8.42
9.1
10.02
10.18
11.64
6.68
5.88
12.42
6.0
13.84
10.08
11.64
6.640000000000001
11.56
7.24
5.46
7.32
8.38
7.36
4.9
8.88
7.72
9.1
5.8
13.9
10.24
12.58
12.66
12.780000000000001
7.96
8.9
7.82
11.44
5.12
8.78
15.16
7.9
7.08
7.26
11.42
8.1
9.18
13.88
11.6
8.78
8.58
7.9
12.52
7.7
4.62
11.36
7.82
6.96
12.84
7.76
10.3
7.18
9.24
16.62
6.54
12.700000000000001
13.88
12.68
10.24
10.26
5.5200000000000005
15.14
6.74
11.56
11.16
6.28
7.12
10.4
9.14
8.52
8.64
8.48
6.54
9.08
7.86
7.8
6.0200000000000005
1.74
11.56
12.82
8.78
9.86
5.04
7.78
16.36
13.68
11.5
8.94
8.68
7.54
5.62
14.040000000000001
12.68
13.86
10.02
11.28
5.38
6.42
8.22
13.88
7.98
7.6000000000000005
12.68
4.78
7.38
9.5
10.1
10.5
5.8
6.4
9.18
8.86
4.24
8.040000000000001
11.52
10.06
5.82
9.06
4.6000000000000005
2.64
6.74
7.48
16.52
8.74
6.4
11.200000000000001
7.2
10.22
8.52
5.22
11.02
6.9
8.700000000000001
13.84
8.08
9.1
11.46
6.8
5.7
6.94
6.58
13.84
12.780000000000001
6.32
8.78
7.4
12.8
9.18
6.28
8.44
11.5
9.040000000000001
2.64
8.98
8.76
9.0
8.56
10.14
6.78
7.9
5.08
16.32
8.24
7.82
8.52
7.08
15.18
7.94
11.56
10.28
9.0
10.200000000000001
12.64
6.58
1.58
11.16
10.16
16.52
8.040000000000001
7.42
3.8000000000000003
9.0
11.4
7.36
7.640000000000001
7.5
7.9
7.38
3.34
6.5600000000000005
15.18
2.36
6.48
12.66
4.48
5.34
15.3
7.68
16.4
8.5
13.94
6.98
9.78
6.5200000000000005
10.14
14.06
7.4
12.74
10.3
12.6
11.08
7.26
7.0600000000000005
5.58
3.14
10.3
7.48
5.74
5.84
5.26
8.08
8.48
9.94
12.56
16.66
16.580000000000002
8.02
13.780000000000001
8.620000000000001
8.98
9.8
8.88
7.92
12.76
1.86
9.06
4.94
10.26
13.94
10.200000000000001
12.620000000000001
11.3
13.98
16.72
7.68
11.32
7.68
12.42
8.56
10.14
3.44
9.82
10.38
8.74
7.98
10.28
5.32
10.4
6.34
10.200000000000001
7.140000000000001
8.0
8.9
8.98
8.66
1.08
6.08
5.0600000000000005
7.0200000000000005
16.42
7.38
8.24
2.24
7.04
11.28
5.46
9.08
7.72
6.36
8.24
6.5
6.08
8.22
7.66
7.82
9.1
10.32
2.3000000000000003
9.72
7.5200000000000005
9.0
11.58
13.98
6.24
10.120000000000001
9.16
9.92
6.24
9.92
7.72
11.44
8.84
6.5200000000000005
3.96
6.5200000000000005
13.96
5.54
10.16
6.46
7.94
6.88
13.92
8.76
11.44
12.700000000000001
12.68
6.58
7.88
14.0
7.9
5.48
10.200000000000001
4.22
12.780000000000001
9.18
10.24
13.96
8.98
8.9
10.32
7.46
12.86
9.68
7.3
7.32
7.22
7.66
8.56
6.58
7.78
9.36
9.78
7.62
7.54
2.12
2.52
7.88
8.94
4.5200000000000005
11.6
9.56
7.32
15.040000000000001
11.0
11.700000000000001
11.040000000000001
5.5200000000000005
4.22
12.84
7.78
8.46
7.42
7.74
11.200000000000001
12.780000000000001
5.5200000000000005
5.34
8.8
12.38
8.620000000000001
5.12
13.74
10.22
11.22
6.82
5.94
5.92
16.4
13.96
7.44
15.0
6.72
5.94
6.28
12.52
13.96
7.86
8.66
12.58
4.62
7.6000000000000005
8.68
15.3
8.46
9.14
6.1000000000000005
4.76
14.14
11.4
5.74
10.9
8.8
10.3
2.86
13.76
5.64
1.94
5.62
7.68
8.64
4.6000000000000005
6.96
5.5600000000000005
7.84
9.06
10.26
9.120000000000001
7.640000000000001
2.9
7.46
4.98
10.22
5.4
8.92
9.72
6.640000000000001
11.4
8.32
10.08
7.92
7.44
7.62
11.6
8.52
11.3
16.52
10.36
12.780000000000001
9.86
8.66
12.5
9.540000000000001
10.94
10.44
16.62
12.72
12.46
11.34
7.72
9.0
11.14
9.200000000000001
9.8
11.6
4.5600000000000005
8.76
5.3
6.34
16.42
7.36
11.52
4.42
7.96
10.16
7.78
12.74
8.84
8.040000000000001
5.74
8.040000000000001
5.26
10.08
16.38
9.14
8.540000000000001
15.1
6.22
9.32
11.28
11.48
4.36
15.1
7.46
8.74
16.580000000000002
10.48
6.66
16.52
11.6
9.88
3.7800000000000002
5.9
6.140000000000001
16.54
5.12
14.0
11.200000000000001
6.44
7.82
7.72
7.68
12.620000000000001
6.3
12.64
9.08
14.02
6.82
8.02
14.0
13.96
16.66
10.34
6.98
9.66
10.3
10.08
5.24
7.54
8.16
5.32
11.3
3.18
10.02
10.120000000000001
10.24
5.98
7.74
11.26
6.0
7.66
7.66
6.5600000000000005
8.96
4.22
5.04
11.48
6.7
5.78
9.16
5.12
8.76
7.32
11.120000000000001
11.5
6.12
6.96
12.68
6.68
7.0
9.06
10.24
11.5
7.0200000000000005
16.52
8.82
11.34
7.58
13.92
16.56
12.74
7.74
10.18
13.92
7.82
14.0
12.8
9.22
8.48
9.200000000000001
9.24
7.5
7.44
7.82
6.8
6.38
6.86
4.98
16.3
11.34
2.1
0.96
8.94
5.5200000000000005
11.66
8.120000000000001
13.9
11.120000000000001
6.68
17.88
5.04
10.200000000000001
12.84
10.22
8.1
7.78
9.6
6.2
7.36
10.52
10.22
10.14
5.66
6.24
12.76
8.82
11.0
9.84
8.56
10.3
2.86
12.58
12.48
8.86
7.34
16.56
10.1
10.3
8.08
9.14
10.24
10.200000000000001
7.54
8.98
6.76
13.88
3.1
8.0
10.200000000000001
10.22
5.78
6.44
9.040000000000001
9.02
7.140000000000001
14.96
10.38
11.66
5.4
6.24
10.34
11.28
6.68
8.86
10.46
13.88
14.02
5.1000000000000005
5.98
8.16
11.6
7.0200000000000005
6.1000000000000005
6.32
11.46
12.620000000000001
6.54
7.94
11.44
13.86
9.84
9.28
8.0
11.6
8.86
7.32
7.74
7.3
13.92
8.38
10.34
12.700000000000001
15.18
7.7
7.7
6.86
10.76
12.620000000000001
4.96
6.08
9.24
5.98
7.4
7.48
9.18
8.98
7.98
13.92
11.4
5.48
11.08
16.5
11.26
7.5
10.16
6.48
9.0
12.72
10.22
6.18
6.3
8.02
12.92
5.0
8.98
9.0
8.68
11.5
9.18
5.46
8.98
8.6
14.1
7.34
7.92
11.6
12.780000000000001
10.4
9.02
16.6
8.9
7.62
4.74
11.1
12.6
13.96
9.82
5.72
6.62
11.4
8.040000000000001
16.6
11.5
9.92
3.6
8.48
8.34
13.92
12.6
11.32
9.6
11.620000000000001
6.3
8.2
14.06
16.580000000000002
9.0
13.66
6.68
9.06
7.72
6.88
5.4
5.84
11.120000000000001
7.5200000000000005
10.0
9.22
5.7
6.36
5.62
7.5
7.68
10.120000000000001
5.3
12.46
7.140000000000001
8.94
6.42
4.72
8.82
8.88
5.2
9.66
7.4
3.88
8.86
5.26
1.76
15.18
7.84
12.68
4.5600000000000005
5.9
7.4
12.76
5.24
7.54
13.86
14.040000000000001
11.42
4.9
10.14
11.18
16.34
7.66
9.78
5.66
8.42
2.7
11.44
7.78
7.74
12.72
12.76
10.0
9.14
13.94
8.18
7.76
4.1
7.88
7.0200000000000005
7.0200000000000005
7.38
12.200000000000001
4.2
8.040000000000001
8.94
12.58
11.5
10.200000000000001
8.64
10.120000000000001
10.06
13.84
13.8
7.96
8.94
13.9
9.58
6.96
4.08
16.54
17.72
7.78
9.5
9.84
7.74
2.56
8.36
11.48
9.0
7.72
9.1
10.22
1.9000000000000001
7.28
6.640000000000001
6.8
10.02
8.120000000000001
14.040000000000001
9.06
9.120000000000001
10.26
10.26
10.5
14.96
5.88
10.28
7.3
6.22
10.08
10.4
6.96
10.18
10.02
9.82
11.200000000000001
11.540000000000001
4.72
5.58
9.16
8.94
7.0
8.700000000000001
6.62
7.0
5.62
12.68
8.700000000000001
7.74
6.96
7.22
9.24
8.6
6.32
15.200000000000001
11.52
12.52
12.700000000000001
12.540000000000001
8.8
12.780000000000001
9.38
14.02
1.84
10.24
11.120000000000001
14.02
9.72
7.5
3.2600000000000002
9.200000000000001
6.42
10.02
8.86
12.74
10.18
10.120000000000001
8.48
7.76
5.76
13.96
10.38
6.0600000000000005
5.1000000000000005
16.44
12.82
5.26
11.58
12.46
9.72
11.08
10.18
10.44
4.88
13.26
10.34
5.9
12.64
4.92
17.72
7.640000000000001
10.46
10.44
12.48
6.62
8.94
5.82
6.12
13.98
7.46
8.48
10.26
15.3
14.46
2.06
10.16
9.14
7.88
12.92
7.4
8.08
8.36
15.280000000000001
8.700000000000001
6.36
7.74
9.3
12.36
8.94
6.78
16.54
10.16
7.42
8.02
11.24
11.540000000000001
9.24
5.12
9.74
12.66
7.3
15.120000000000001
5.4
16.6
11.200000000000001
7.5
11.620000000000001
7.0200000000000005
10.18
7.32
7.76
7.96
6.6000000000000005
7.5200000000000005
8.9
6.08
11.4
10.36
2.2
8.24
10.200000000000001
12.6
8.8
12.74
6.140000000000001
5.6000000000000005
9.620000000000001
7.140000000000001
15.280000000000001
6.88
11.5
5.08
5.38
8.24
4.18
11.42
8.9
7.5200000000000005
14.040000000000001
6.5200000000000005
14.08
6.3
9.040000000000001
9.3
7.54
6.3
12.46
10.4
5.42
15.24
12.8
9.18
9.02
10.28
10.38
12.200000000000001
7.140000000000001
15.200000000000001
12.72
12.780000000000001
7.1000000000000005
7.88
4.7
12.540000000000001
7.22
9.040000000000001
13.620000000000001
16.72
9.28
13.8
10.44
8.700000000000001
3.2
7.4
9.040000000000001
11.4
7.84
8.02
5.12
7.84
10.28
10.46
10.200000000000001
16.46
9.700000000000001
11.6
6.48
11.46
8.620000000000001
5.98
8.24
10.040000000000001
10.14
11.44
5.98
8.76
3.3200000000000003
14.120000000000001
9.02
7.9
6.62
8.92
7.72
12.76
13.86
8.72
5.74
15.14
10.26
7.78
4.8
0.9400000000000001
8.92
8.96
8.38
8.48
5.48
4.44
14.08
13.86
7.8
13.540000000000001
7.4
11.3
13.780000000000001
9.94
7.6000000000000005
10.18
11.3
7.0
10.32
10.24
16.48
8.92
13.84
10.22
10.64
6.04
10.46
8.44
6.0600000000000005
12.64
10.08
7.32
6.74
8.42
4.6000000000000005
16.42
6.76
3.3200000000000003
6.2
11.58
7.58
8.5
11.64
8.76
5.2
10.1
8.64
8.86
7.5
11.16
7.5600000000000005
7.1000000000000005
11.58
7.72
10.18
6.46
11.22
6.76
13.92
10.24
11.14
6.6000000000000005
10.88
9.88
5.3
10.06
5.0
9.92
4.98
11.52
8.1
14.02
7.84
10.8
4.28
9.84
5.44
10.14
11.42
12.620000000000001
16.62
11.58
7.04
7.96
10.0
10.1
5.6000000000000005
7.0200000000000005
8.86
6.32
6.04
7.84
6.44
11.52
7.74
13.88
7.26
10.06
5.78
11.22
5.44
4.3
6.92
16.64
10.28
11.18
12.74
8.56
7.42
11.4
12.6
6.5200000000000005
11.56
11.58
7.640000000000001
10.34
13.94
12.38
7.34
10.08
9.9
10.44
8.92
11.540000000000001
7.8
7.86
9.08
8.120000000000001
11.28
13.98
5.42
11.5
10.16
9.94
5.76
10.22
2.4
6.74
6.72
10.3
10.18
17.76
11.28
7.36
7.58
7.46
11.120000000000001
7.7
10.22
6.32
11.64
12.68
8.2
12.84
7.92
7.9
12.58
4.48
8.92
6.36
12.42
12.780000000000001
10.38
1.86
5.96
10.42
6.3
5.5
11.46
8.040000000000001
6.62
13.9
9.82
8.9
11.6
8.9
7.04
14.06
7.640000000000001
10.32
7.82
12.68
6.0
2.74
4.88
11.14
9.26
10.14
10.5
7.28
6.32
12.72
7.6000000000000005
11.24
16.5
11.1
7.82
7.9
8.6
12.8
6.0
6.76
9.24
11.36
10.040000000000001
9.040000000000001
14.0
2.62
7.88
5.88
9.1
8.14
8.88
5.96
16.7
7.84
6.44
8.06
11.44
6.44
9.16
11.56
3.62
7.62
7.22
4.38
8.42
9.18
7.640000000000001
7.36
6.42
12.82
9.32
10.18
9.0
4.22
6.54
7.24
8.72
9.84
6.12
15.0
7.640000000000001
8.6
7.82
