8.26
8.5
11.38
12.52
5.58
10.0
10.18
10.28
3.62
4.48
10.0
7.46
6.38
16.44
11.52
5.54
7.640000000000001
16.64
9.74
5.62
7.96
7.5600000000000005
7.88
10.28
8.26
11.18
12.36
16.52
4.92
10.24
11.540000000000001
10.1
9.98
6.58
12.780000000000001
5.84
7.32
6.2
14.200000000000001
11.66
10.34
6.36
10.200000000000001
12.76
6.3
11.14
8.74
9.06
5.0600000000000005
9.24
8.58
11.44
7.46
10.44
9.14
11.620000000000001
7.38
13.88
3.54
13.74
5.04
7.84
6.08
7.76
11.3
6.92
7.8
6.34
11.86
8.86
3.24
6.82
6.36
6.62
8.38
7.32
16.46
7.22
15.24
12.32
11.08
8.52
10.3
9.18
9.22
8.8
2.22
10.14
12.34
12.620000000000001
7.24
8.66
4.76
7.84
7.34
7.28
7.6000000000000005
1.7
12.780000000000001
6.5600000000000005
11.36
16.5
9.06
11.1
8.14
10.1
10.46
8.48
7.76
5.94
14.06
6.62
7.0600000000000005
5.2
11.48
4.64
10.4
12.64
6.18
10.3
8.0
5.34
16.68
9.24
9.14
7.140000000000001
5.34
6.22
8.72
4.08
8.36
8.040000000000001
7.62
11.68
12.84
16.36
8.76
6.18
10.18
10.38
8.56
9.02
10.120000000000001
9.120000000000001
12.8
11.16
8.98
7.96
15.14
8.9
10.02
6.82
2.2
5.28
7.94
10.06
6.88
5.42
7.66
9.540000000000001
12.52
9.18
6.04
11.42
7.48
14.120000000000001
5.68
7.82
6.5600000000000005
5.72
13.98
8.86
6.92
5.26
13.86
6.2
12.540000000000001
16.4
9.76
7.8
9.1
5.62
8.52
15.18
3.24
14.02
2.16
7.98
10.06
10.22
7.88
9.9
11.200000000000001
7.42
7.54
10.26
10.200000000000001
9.18
16.580000000000002
9.14
13.9
9.34
8.9
14.02
7.46
7.58
12.780000000000001
5.0600000000000005
7.78
10.24
9.120000000000001
10.200000000000001
7.8
12.700000000000001
3.44
7.140000000000001
5.88
5.68
6.5
11.18
10.22
11.46
7.82
8.040000000000001
7.84
6.66
13.84
6.82
7.22
16.6
9.14
7.18
6.640000000000001
6.26
7.36
11.36
13.94
2.38
10.46
8.48
8.3
9.98
8.3
7.7
11.46
10.36
10.02
7.9
10.34
4.84
8.040000000000001
13.9
7.6000000000000005
12.88
10.24
11.46
8.92
11.52
7.0600000000000005
16.46
11.4
8.86
1.6600000000000001
8.06
9.040000000000001
8.42
7.9
8.2
7.88
9.94
11.16
10.44
8.56
15.14
10.08
10.32
9.040000000000001
8.98
7.58
10.24
6.1000000000000005
11.82
8.620000000000001
11.58
6.68
9.86
10.06
13.94
5.0200000000000005
5.5600000000000005
7.72
13.86
11.46
10.26
2.94
8.2
7.98
13.82
9.02
11.16
10.34
6.16
3.62
6.38
2.98
9.5
4.92
8.66
6.38
10.08
7.08
7.68
11.44
8.72
7.12
9.74
6.8
10.32
9.040000000000001
13.98
9.1
6.54
8.78
10.02
12.72
2.3000000000000003
10.42
4.82
5.78
7.32
10.24
3.58
5.86
6.08
5.0
7.62
6.44
6.86
6.84
10.9
5.5200000000000005
10.22
11.52
5.12
9.32
9.88
4.6000000000000005
7.22
9.14
6.42
16.580000000000002
6.1000000000000005
8.6
6.24
11.32
5.9
7.8
3.58
12.68
10.22
6.42
9.14
15.1
7.32
8.18
8.86
11.4
12.58
8.66
9.88
6.4
6.94
10.200000000000001
5.94
7.9
1.7
10.28
8.64
5.62
15.200000000000001
11.36
5.3
9.66
7.88
5.2
11.44
6.48
6.2
12.66
7.7
8.68
12.76
5.0600000000000005
8.9
2.22
8.64
7.08
9.96
15.120000000000001
12.84
7.9
4.74
9.200000000000001
13.9
11.6
7.68
8.66
13.88
8.86
13.88
7.92
8.98
16.5
7.74
4.88
7.1000000000000005
11.56
9.14
9.68
11.38
16.42
7.9
7.9
6.0200000000000005
6.34
9.9
4.62
8.120000000000001
3.18
8.52
7.4
5.44
6.1000000000000005
11.5
11.620000000000001
6.86
9.200000000000001
11.620000000000001
10.200000000000001
15.120000000000001
7.44
6.76
10.28
11.52
9.22
6.16
6.18
2.5
5.54
8.88
8.66
5.22
16.54
8.88
1.52
6.32
6.76
7.18
15.06
11.32
8.92
3.64
12.76
5.46
6.48
15.08
5.62
6.140000000000001
7.92
6.12
7.4
15.18
13.92
12.74
12.72
10.14
7.44
8.42
6.36
16.52
14.0
10.1
12.76
7.58
13.780000000000001
7.48
8.94
4.48
7.22
5.92
6.08
4.44
11.52
8.86
10.24
6.0200000000000005
16.72
8.88
13.84
15.24
