1.8
2.14
1.9000000000000001
2.2600000000000002
2.12
2.0
1.9000000000000001
2.04
1.72
1.98
2.24
1.76
2.1
2.0
2.08
1.8
1.98
2.2
2.12
1.68
2.2800000000000002
2.42
2.02
2.2
1.56
2.0
1.78
2.02
1.4000000000000001
1.32
1.7
2.0
2.14
2.0
1.9000000000000001
2.84
1.46
1.96
2.16
1.54
2.2800000000000002
1.8800000000000001
2.1
2.4
1.56
2.7
1.8
2.34
1.96
1.84
2.16
1.94
1.82
2.12
1.72
1.42
2.12
1.52
2.1
2.04
2.2
2.14
2.8000000000000003
1.76
2.2
0.6
2.2
2.7
2.36
2.18
1.22
2.22
0.76
2.48
2.44
0.44
0.64
2.44
1.3800000000000001
1.84
1.98
2.3000000000000003
2.2600000000000002
2.14
1.48
0.22
1.62
2.3000000000000003
2.02
2.24
1.98
1.8
2.56
2.36
1.3800000000000001
2.48
2.06
2.2600000000000002
2.42
2.24
1.82
1.36
2.2
0.88
2.04
1.06
1.32
1.02
2.24
1.26
1.54
2.06
1.68
2.24
2.3000000000000003
2.24
1.7
2.68
2.06
1.92
2.22
2.32
2.02
1.6600000000000001
1.84
2.02
1.84
2.0
2.2
2.2800000000000002
2.12
1.96
1.8800000000000001
2.3000000000000003
1.48
1.96
1.92
1.32
1.72
2.14
0.4
1.8
1.6600000000000001
2.18
2.08
1.84
2.2
2.2600000000000002
1.54
1.9000000000000001
1.96
2.5
1.56
1.82
2.36
1.8
1.34
2.18
2.18
1.06
2.62
1.42
2.3000000000000003
2.06
1.8
1.76
1.78
2.22
1.46
1.6600000000000001
1.96
2.12
1.78
1.32
2.14
0.62
1.78
1.8800000000000001
2.02
1.96
1.96
2.2600000000000002
1.68
1.72
1.58
2.02
1.24
2.16
1.52
1.46
2.44
2.22
2.0
1.7
1.0
2.52
1.16
1.94
1.9000000000000001
2.2600000000000002
