95.44
89.8
82.4
74.0
99.76
107.38
91.24
95.0
88.42
105.48
79.8
72.04
93.62
68.36
79.42
79.86
94.36
87.48
93.3
104.04
102.46000000000001
92.26
104.12
86.68
95.06
90.0
7.7
87.48
92.72
82.58
104.26
107.26
48.4
93.4
89.82000000000001
85.72
94.94
105.96000000000001
82.94
93.58
97.4
105.78
89.3
89.98
102.8
71.10000000000001
51.52
84.96000000000001
96.62
88.2
105.76
91.14
101.16
96.82000000000001
59.06
99.44
75.58
105.60000000000001
98.66
79.26
77.06
95.74000000000001
92.9
102.48
98.10000000000001
89.0
87.18
96.38
77.48
89.5
50.660000000000004
95.52
88.26
86.34
87.26
70.5
62.660000000000004
100.18
93.8
88.42
86.62
79.32000000000001
77.26
80.68
103.96000000000001
96.0
75.2
91.0
83.3
81.94
108.9
91.62
85.76
99.86
80.46000000000001
92.86
92.42
91.58
97.7
90.26
94.12
102.72
89.5
90.60000000000001
87.54
85.52
64.98
78.18
86.96000000000001
81.74
96.68
90.36
76.16
98.32000000000001
91.26
79.24
100.06
52.52
57.980000000000004
104.08
85.3
55.980000000000004
92.04
101.26
63.660000000000004
95.38
92.28
95.16
64.22
99.66
90.02
104.18
53.56
93.86
98.42
85.9
91.64
108.86
96.2
80.12
62.54
99.12
91.0
102.36
88.46000000000001
77.68
93.42
38.78
97.38
86.04
85.78
73.94
85.84
84.54
91.42
80.24
93.60000000000001
75.82000000000001
91.74
83.64
96.74000000000001
85.68
94.2
101.3
88.96000000000001
82.74
79.5
80.34
75.58
110.46000000000001
88.26
102.7
75.64
62.06
99.82000000000001
90.96000000000001
80.68
90.12
95.84
97.52
97.58
99.4
98.10000000000001
93.72
68.84
98.06
81.26
104.4
87.28
68.96000000000001
97.84
92.72
82.72
104.44
84.08
96.14
91.98
110.38
98.28
90.68
96.10000000000001
78.28
83.68
74.2
73.2
86.92
102.9
93.4
95.3
89.44
79.62
95.5
101.38
92.68
86.10000000000001
88.9
46.04
74.54
87.26
84.16
86.2
88.72
87.64
67.16
92.60000000000001
91.98
88.82000000000001
102.86
104.14
98.14
101.5
110.26
96.88
67.44
87.68
73.64
103.10000000000001
68.68
77.44
71.96000000000001
81.48
91.64
93.62
91.44
86.08
78.8
101.18
52.82
89.74
96.16
100.34
79.32000000000001
83.02
97.52
86.48
76.10000000000001
78.7
83.92
80.22
91.72
80.76
95.60000000000001
93.2
88.78
96.58
98.46000000000001
87.16
88.38
105.56
96.2
97.18
67.68
105.8
103.88
89.84
97.36
91.72
65.9
62.18
96.10000000000001
91.12
97.18
62.6
79.7
90.10000000000001
99.86
102.38
64.08
86.18
97.02
101.02
99.42
89.28
97.52
83.02
96.18
68.36
77.08
87.4
110.44
13.74
60.5
70.60000000000001
93.0
84.58
60.5
94.46000000000001
106.88
102.66
96.34
68.64
89.76
85.06
72.06
90.72
98.64
76.36
42.04
87.5
104.54
95.22
99.52
90.94
71.46000000000001
100.68
87.28
95.7
82.62
96.76
63.92
102.56
85.04
95.78
94.7
94.76
85.82000000000001
102.58
87.4
68.5
93.82000000000001
97.94
64.38
77.24
84.86
71.76
90.14
89.66
90.5
86.02
72.5
82.84
105.76
90.64
69.66
98.48
91.28
90.62
76.68
67.64
84.54
80.18
87.4
80.96000000000001
93.4
89.74
101.18
91.24
73.2
88.32000000000001
94.4
95.4
89.52
65.98
96.3
79.84
48.160000000000004
84.56
78.62
100.60000000000001
49.7
99.62
102.16
102.4
80.78
99.26
96.28
93.02
95.9
81.60000000000001
97.46000000000001
105.66
91.0
55.68
98.38
52.980000000000004
88.14
70.64
89.28
91.7
113.54
106.02
82.42
92.36
85.82000000000001
101.24000000000001
93.42
99.78
86.48
84.36
48.38
98.10000000000001
99.28
63.64
96.84
42.6
82.9
86.18
105.32000000000001
66.84
89.86
89.78
91.64
83.88
100.8
89.34
96.12
101.28
86.62
80.34
55.34
93.52
36.58
97.86
75.06
88.28
92.58
75.42
91.12
105.68
27.38
76.4
72.46000000000001
62.68
90.14
102.42
100.54
78.7
97.62
75.32000000000001
92.58
4.36
52.7
77.7
91.24
96.22
57.52
103.98
85.64
105.76
69.7
80.3
98.0
94.52
93.98
107.24000000000001
86.58
102.64
107.58
89.86
61.42
94.42
43.94
98.12
67.9
94.0
69.3
79.64
64.92
83.14
70.10000000000001
90.8
99.36
101.04
70.52
80.10000000000001
67.96000000000001
68.62
64.02
82.9
54.44
70.96000000000001
76.48
91.02
75.32000000000001
92.48
91.0
7.9
85.84
98.08
59.9
95.46000000000001
45.12
79.48
91.38
57.120000000000005
103.88
99.34
62.92
80.94
95.42
80.72
85.56
79.14
82.38
107.14
70.32000000000001
78.34
85.24
94.94
98.36
104.2
101.4
96.78
99.44
86.94
86.14
32.660000000000004
99.5
84.76
89.28
88.86
90.82000000000001
86.38
90.78
85.96000000000001
84.52
69.68
88.0
94.18
96.7
89.76
59.84
53.96
71.04
33.12
82.36
99.04
99.78
93.14
94.88
65.02
98.44
85.76
102.78
93.3
94.64
101.22
81.16
101.2
48.92
88.82000000000001
96.4
90.3
96.82000000000001
79.96000000000001
86.4
107.44
99.04
82.72
94.16
92.88
92.16
41.94
83.58
87.38
91.92
90.68
90.58
80.3
88.02
101.10000000000001
101.58
104.10000000000001
79.52
99.7
75.60000000000001
92.92
95.08
85.72
98.5
85.2
87.08
90.76
98.16
82.4
96.68
92.3
91.38
93.82000000000001
88.04
51.86
93.28
88.34
65.62
97.26
84.36
85.72
87.4
95.46000000000001
84.66
96.64
96.16
94.88
101.0
93.84
73.28
81.58
96.18
90.86
97.9
92.32000000000001
99.54
93.76
83.76
103.78
96.02
84.44
58.2
85.48
79.26
64.94
78.9
87.60000000000001
39.86
88.28
107.34
104.12
83.58
95.54
71.88
74.3
62.4
33.6
100.82000000000001
93.32000000000001
90.8
104.10000000000001
97.92
46.24
57.08
90.42
61.940000000000005
77.26
97.52
71.22
101.42
105.5
108.96000000000001
93.74
78.06
85.12
94.66
91.32000000000001
85.62
100.96000000000001
99.56
78.72
105.76
59.02
79.8
103.76
81.5
75.60000000000001
87.34
73.64
97.48
93.38
92.28
105.8
94.18
102.58
99.04
88.88
100.5
86.56
80.04
101.18
69.88
84.74
95.2
94.68
83.88
91.14
79.82000000000001
86.06
96.96000000000001
81.60000000000001
91.7
96.98
100.78
93.64
99.14
95.28
98.16
96.62
82.26
102.92
95.28
93.34
101.16
59.28
85.08
77.72
90.5
88.54
83.8
84.52
86.16
99.72
60.02
83.86
74.72
87.04
93.34
99.14
89.0
76.84
94.14
95.68
95.14
97.26
94.56
96.5
62.2
80.7
84.5
73.3
100.88
86.14
83.7
86.76
67.54
103.84
86.76
70.94
97.38
86.32000000000001
62.54
96.88
88.26
78.14
69.2
87.48
80.74
101.46000000000001
99.74000000000001
101.36
101.22
82.88
84.98
78.04
50.14
96.26
96.84
90.8
46.04
72.32000000000001
100.98
89.9
62.24
97.06
94.88
78.56
83.08
92.38
78.94
55.26
94.8
92.62
88.82000000000001
93.98
83.42
45.4
94.62
98.04
83.46000000000001
95.88
97.88
65.72
66.64
92.06
76.3
59.72
91.26
77.8
79.12
55.84
97.02
73.52
91.28
104.38
95.14
73.02
96.04
107.34
44.08
65.9
95.9
82.82000000000001
88.66
96.64
96.72
45.12
100.96000000000001
89.02
78.9
102.58
97.82000000000001
95.84
91.5
99.60000000000001
108.7
101.08
93.94
79.4
21.56
96.54
93.12
72.06
102.84
47.94
81.16
89.12
82.54
99.08
83.98
97.44
82.06
18.86
86.88
93.3
82.62
106.04
62.34
55.22
90.02
107.44
101.38
76.42
63.86
79.44
94.56
69.4
26.8
51.22
66.58
99.12
90.24
5.9
105.7
62.800000000000004
89.0
56.38
101.2
92.86
41.46
95.72
105.54
60.46
88.0
101.32000000000001
93.02
87.54
82.36
102.38
86.14
94.48
96.32000000000001
108.76
74.54
94.48
88.86
59.22
99.74000000000001
72.4
67.08
81.28
95.86
57.56
93.82000000000001
99.62
74.42
94.94
72.12
80.82000000000001
85.32000000000001
84.02
78.10000000000001
89.78
81.4
95.3
93.10000000000001
107.36
106.92
85.0
96.88
94.98
99.60000000000001
61.6
108.74000000000001
94.94
70.42
93.4
97.0
85.06
94.22
95.18
98.4
44.4
97.44
33.4
70.96000000000001
80.48
43.9
88.9
97.42
102.60000000000001
93.74
87.7
98.24000000000001
76.28
96.34
89.7
62.02
78.28
66.22
94.44
96.72
94.84
85.7
90.52
92.12
93.78
66.06
91.8
70.94
104.28
89.5
107.16
89.04
76.56
69.9
48.22
92.12
96.84
72.92
83.2
98.82000000000001
44.24
87.42
30.72
71.46000000000001
103.8
105.36
64.66
63.18
28.18
79.68
72.22
61.64
99.92
86.22
96.68
107.42
67.98
93.32000000000001
98.38
93.52
86.54
85.82000000000001
71.72
102.54
78.76
94.92
102.46000000000001
88.78
70.94
63.5
91.92
91.18
82.36
96.14
67.08
104.44
75.5
79.3
76.56
100.74000000000001
83.64
81.60000000000001
92.0
104.3
86.84
92.04
85.68
93.08
105.52
91.96000000000001
88.0
90.2
82.32000000000001
70.32000000000001
101.9
88.56
77.88
60.46
66.98
73.52
88.66
76.76
86.78
79.3
90.9
71.46000000000001
77.64
79.96000000000001
40.08
107.38
95.28
98.36
83.02
93.78
76.84
51.32
93.28
99.66
93.3
90.96000000000001
58.620000000000005
96.0
75.02
69.32000000000001
50.5
97.74000000000001
84.94
53.42
96.18
94.3
93.86
94.5
51.36
65.04
99.48
75.4
88.58
72.86
110.36
75.02
5.78
41.62
66.8
96.64
96.52
91.7
105.66
69.08
96.14
106.92
105.72
67.22
100.9
66.3
72.7
31.84
99.62
105.52
82.14
46.4
97.04
95.76
84.28
80.52
91.64
78.22
71.7
93.5
102.38
102.58
86.68
77.2
86.82000000000001
93.82000000000001
92.78
90.68
92.96000000000001
104.3
101.08
84.44
90.0
87.5
93.58
96.04
43.96
60.58
94.3
74.18
93.52
82.32000000000001
78.16
91.32000000000001
55.72
59.56
96.64
33.06
90.4
94.5
74.46000000000001
83.74
90.88
92.2
61.82
95.18
97.26
71.10000000000001
97.44
74.42
91.8
91.5
94.52
4.48
82.14
101.0
98.12
99.62
104.4
90.98
85.46000000000001
93.14
102.58
3.98
91.22
85.56
105.98
99.88
85.56
95.02
83.08
88.68
53.44
96.96000000000001
62.660000000000004
68.86
95.3
97.94
87.98
92.10000000000001
64.22
62.78
80.46000000000001
99.18
74.42
58.68
92.4
90.0
96.82000000000001
83.02
84.88
87.66
111.96000000000001
53.94
84.9
79.62
98.28
63.54
63.32
68.12
92.58
72.96000000000001
59.86
84.58
98.82000000000001
84.10000000000001
59.5
83.14
88.88
63.7
45.26
97.28
101.58
71.24
98.54
100.74000000000001
89.86
92.76
66.7
59.82
100.84
84.86
86.94
62.7
96.54
99.76
95.24
90.74
37.74
90.86
78.18
21.72
90.10000000000001
97.72
96.56
99.46000000000001
95.52
101.0
43.78
84.62
85.0
91.52
94.9
94.16
89.18
105.88
96.82000000000001
97.3
40.76
89.74
25.7
73.60000000000001
94.86
98.94
94.3
80.16
81.74
68.88
99.42
0.36
95.92
93.02
94.62
72.12
86.18
94.16
71.28
64.02
63.52
107.18
92.14
93.26
65.56
99.32000000000001
37.22
88.56
99.58
87.22
102.74000000000001
66.36
71.88
92.18
93.94
84.28
105.56
102.36
94.78
92.28
61.96
107.14
96.78
96.08
96.38
107.2
90.12
96.72
79.88
94.94
101.18
55.56
31.2
68.32000000000001
77.86
96.78
71.9
94.54
65.66
98.7
79.36
84.9
97.54
105.8
99.82000000000001
58.160000000000004
96.74000000000001
94.34
48.46
90.26
101.42
80.84
89.36
92.92
81.08
86.34
84.84
88.4
102.10000000000001
88.14
85.14
94.14
85.46000000000001
75.22
90.78
7.48
93.62
82.72
76.16
75.08
89.96000000000001
85.06
88.60000000000001
88.58
99.58
75.54
71.2
87.98
98.38
88.26
83.04
65.44
100.9
87.96000000000001
87.8
49.04
96.74000000000001
57.36
74.8
88.4
98.36
91.54
98.48
90.24
65.22
84.60000000000001
92.8
101.28
70.34
99.48
59.9
94.12
98.92
82.74
104.08
77.0
83.24
58.120000000000005
94.54
93.18
101.22
54.160000000000004
91.26
96.22
76.24
89.48
83.18
67.34
83.42
96.46000000000001
95.64
88.7
82.34
72.92
86.58
54.88
94.44
72.04
56.82
87.96000000000001
71.34
100.4
90.48
84.12
89.32000000000001
105.84
73.64
70.72
90.62
96.2
90.52
42.660000000000004
72.14
54.92
74.78
96.58
89.36
83.82000000000001
72.86
95.66
87.72
93.10000000000001
91.5
78.66
99.64
12.74
78.82000000000001
98.10000000000001
74.16
78.06
61.78
82.94
77.44
82.68
88.48
68.28
96.12
68.44
82.38
91.44
68.76
95.24
83.72
91.42
102.68
89.8
80.68
89.0
84.52
85.48
81.22
27.28
76.36
88.38
68.24
98.08
85.92
83.86
89.76
96.56
75.14
84.60000000000001
69.2
92.9
90.06
98.84
69.24
101.14
83.7
93.62
96.9
79.58
27.080000000000002
97.94
100.0
73.98
81.46000000000001
79.92
78.4
52.9
78.74
98.04
70.52
94.58
71.08
71.08
97.52
81.04
107.44
90.8
52.02
39.62
110.46000000000001
72.66
94.16
96.56
81.0
34.78
85.60000000000001
108.9
102.8
91.42
97.76
80.68
89.92
93.10000000000001
93.92
86.42
76.42
76.86
55.980000000000004
72.44
94.14
89.46000000000001
75.8
85.86
77.10000000000001
91.78
75.16
91.62
92.5
94.64
82.44
84.16
88.16
81.92
81.60000000000001
86.18
85.52
91.96000000000001
96.86
93.72
98.3
89.12
93.26
87.38
89.62
107.44
73.78
90.82000000000001
76.04
94.58
96.36
92.3
91.16
88.10000000000001
94.94
83.98
73.98
98.0
87.88
104.2
98.4
83.22
90.12
92.22
79.04
98.08
75.52
96.2
66.48
106.94
86.08
110.12
70.98
53.6
101.10000000000001
66.98
88.92
96.60000000000001
35.64
93.74
85.38
75.68
93.66
93.54
90.48
105.66
101.3
89.0
7.82
77.04
74.44
96.62
80.60000000000001
62.6
99.72
100.86
71.46000000000001
86.42
95.06
93.56
88.26
81.46000000000001
74.5
83.84
87.4
102.48
81.54
90.56
90.04
104.08
101.16
97.64
88.8
53.04
85.78
99.08
78.2
80.32000000000001
94.7
89.76
100.12
50.44
73.10000000000001
94.38
98.84
54.08
77.22
87.06
80.7
56.5
98.88
80.66
94.36
96.82000000000001
53.32
92.16
30.02
68.8
96.34
97.52
104.28
94.92
89.06
108.76
104.10000000000001
93.60000000000001
73.58
89.66
92.46000000000001
66.22
93.22
100.94
84.58
98.3
100.94
67.02
41.2
83.44
92.38
93.52
87.64
63.38
94.98
99.62
83.52
97.28
94.78
96.96000000000001
77.24
78.06
87.62
80.54
92.92
91.42
70.26
67.04
97.02
58.08
85.34
82.38
76.68
92.86
84.42
96.16
99.74000000000001
71.38
64.1
94.68
88.52
69.86
42.62
56.120000000000005
85.54
90.10000000000001
91.62
95.68
97.68
97.7
104.04
63.38
82.46000000000001
73.88
99.56
99.52
92.74
68.5
75.16
94.44
95.2
92.46000000000001
101.24000000000001
96.94
60.980000000000004
65.7
99.74000000000001
97.34
107.32000000000001
99.46000000000001
98.9
93.24
63.46
35.46
103.74000000000001
61.660000000000004
54.2
83.16
81.88
95.52
69.2
93.76
92.22
91.10000000000001
70.08
75.78
71.3
85.4
77.92
83.82000000000001
100.88
78.82000000000001
99.60000000000001
98.3
68.94
92.02
89.72
101.10000000000001
93.08
50.02
52.24
99.88
84.82000000000001
92.74
99.10000000000001
86.28
94.5
82.66
87.66
99.8
99.12
98.22
95.10000000000001
96.5
99.26
64.02
101.14
91.98
95.10000000000001
93.3
76.38
85.14
59.58
95.16
84.12
39.38
75.74
86.52
70.96000000000001
99.7
91.64
79.26
66.76
96.14
71.48
83.76
86.10000000000001
89.38
87.38
77.48
68.98
105.84
72.5
102.44
45.1
83.0
90.9
89.86
101.28
84.86
95.08
95.38
93.54
79.88
35.0
87.02
96.28
80.82000000000001
87.16
81.9
88.34
102.48
91.14
76.38
49.0
93.78
100.8
102.18
85.56
96.82000000000001
75.0
105.94
90.08
89.7
86.14
83.46000000000001
81.86
73.28
100.28
92.38
93.88
63.620000000000005
89.18
44.12
102.32000000000001
102.76
101.26
79.72
102.98
80.7
56.4
88.8
89.46000000000001
79.10000000000001
99.12
95.0
84.2
91.02
93.88
86.88
84.42
104.44
92.08
70.24
79.78
82.74
89.94
103.76
59.980000000000004
81.3
104.0
81.5
91.54
53.980000000000004
92.94
106.92
61.88
89.92
69.48
84.12
93.68
90.8
94.84
64.9
102.48
70.14
104.26
80.66
69.82000000000001
34.980000000000004
98.74000000000001
80.16
89.76
87.36
92.82000000000001
99.5
100.54
64.24
96.42
93.48
89.58
94.84
95.06
46.82
96.02
92.28
49.42
87.34
96.36
77.86
99.64
89.92
86.94
77.52
74.54
102.08
96.68
89.82000000000001
96.74000000000001
81.0
61.78
102.92
101.64
93.54
77.68
82.58
83.98
83.58
75.62
99.72
73.9
98.36
90.12
62.08
72.10000000000001
84.38
85.22
95.14
82.34
98.24000000000001
79.92
92.76
76.98
95.74000000000001
92.48
76.24
82.94
57.96
100.96000000000001
95.08
98.46000000000001
91.4
91.58
99.66
86.84
77.3
68.5
85.04
94.7
83.54
94.0
85.9
104.26
94.5
68.46000000000001
77.32000000000001
94.10000000000001
102.86
85.60000000000001
97.62
68.1
95.56
98.04
92.38
93.14
90.64
95.16
77.74
88.72
89.04
90.3
87.14
56.58
17.240000000000002
86.10000000000001
96.2
74.3
98.26
98.12
83.78
100.74000000000001
97.72
105.52
66.48
92.10000000000001
91.8
80.06
68.64
101.02
87.08
91.24
68.1
89.3
89.2
63.96
90.4
84.96000000000001
84.48
69.5
86.32000000000001
74.78
105.72
96.66
66.9
93.48
93.82000000000001
90.36
97.08
85.78
78.74
75.58
74.4
94.96000000000001
101.98
91.76
94.24
95.28
64.1
84.04
62.92
87.22
40.52
99.9
57.4
94.48
55.44
89.42
53.42
88.52
96.78
88.74
96.36
79.7
103.98
75.92
88.88
97.8
85.4
65.14
89.22
68.78
93.42
71.72
48.06
79.64
87.32000000000001
104.36
79.28
61.940000000000005
90.72
92.08
88.32000000000001
94.5
81.62
93.44
92.74
102.7
72.18
91.26
94.9
95.72
89.10000000000001
97.3
59.06
95.86
84.16
85.58
89.22
96.62
102.82000000000001
50.96
96.54
90.46000000000001
85.2
90.18
74.84
89.3
83.68
86.52
87.64
96.84
88.46000000000001
61.620000000000005
67.46000000000001
108.52
88.18
94.5
79.16
85.26
87.06
68.52
76.78
74.48
103.04
98.26
99.36
64.42
80.32000000000001
102.72
96.78
71.2
96.36
99.64
90.24
79.98
90.04
99.4
76.38
93.54
32.2
93.68
91.8
94.68
87.96000000000001
96.18
75.5
89.2
95.72
93.8
66.34
87.56
90.08
87.62
56.78
94.96000000000001
83.10000000000001
50.36
77.84
105.94
102.36
92.68
82.9
90.88
57.36
88.2
89.64
99.46000000000001
99.10000000000001
90.08
75.7
45.04
82.14
108.78
80.18
82.34
90.10000000000001
105.38
74.76
94.82000000000001
55.94
95.98
74.10000000000001
94.82000000000001
88.08
88.68
104.24000000000001
99.26
93.8
84.68
67.8
102.0
71.76
102.34
63.86
94.88
83.92
88.72
56.6
105.9
98.78
71.4
88.96000000000001
16.26
90.54
89.42
75.94
88.04
64.0
98.96000000000001
91.72
85.96000000000001
92.24
91.06
72.22
85.94
84.92
90.60000000000001
89.4
89.62
102.84
86.12
55.18
110.2
96.82000000000001
104.24000000000001
99.0
102.72
94.8
83.60000000000001
94.4
43.68
96.88
104.48
82.14
95.2
74.04
96.72
95.5
53.86
101.42
77.84
95.2
94.10000000000001
97.10000000000001
98.18
73.64
82.54
47.34
88.02
45.12
86.14
89.26
94.16
82.7
105.38
72.9
93.14
101.16
87.86
104.0
78.98
71.12
30.080000000000002
89.14
77.7
51.46
7.9
96.26
64.82000000000001
84.38
96.56
89.46000000000001
63.42
95.04
101.44
89.82000000000001
95.2
102.82000000000001
104.24000000000001
96.78
88.34
92.98
86.4
99.34
93.60000000000001
87.08
83.24
102.54
104.3
75.88
91.36
90.60000000000001
76.72
83.78
84.76
79.12
76.0
65.26
78.02
77.02
75.78
100.9
100.8
84.18
92.76
82.94
54.52
110.3
96.24000000000001
45.52
102.78
82.66
95.18
90.8
83.24
62.38
77.48
87.82000000000001
104.2
83.0
101.04
101.04
101.4
90.16
66.2
53.94
93.66
104.22
98.2
44.68
101.08
92.06
42.9
102.64
55.14
101.42
96.60000000000001
90.92
88.8
55.56
55.82
92.44
104.38
81.5
89.92
43.76
79.96000000000001
90.64
92.96000000000001
1.44
65.52
92.8
91.24
89.5
94.78
99.88
44.660000000000004
101.22
88.76
82.04
92.04
81.8
91.84
91.22
79.14
73.64
71.72
98.06
83.78
85.78
104.64
60.22
104.34
79.52
97.96000000000001
83.88
83.12
60.94
89.46000000000001
98.02
95.56
102.76
96.56
101.08
80.48
96.68
84.12
59.92
85.46000000000001
88.9
90.98
69.52
101.26
93.36
91.62
78.72
99.48
99.76
96.84
107.5
97.38
94.86
88.86
91.52
107.42
90.58
85.44
104.2
71.46000000000001
89.4
83.96000000000001
78.16
91.3
93.7
54.76
87.92
57.76
102.60000000000001
54.92
82.2
84.34
94.7
95.9
107.16
106.0
96.66
74.52
70.5
69.14
93.10000000000001
85.28
79.0
82.16
96.86
90.9
82.54
83.68
67.12
86.5
82.78
90.16
99.8
88.02
83.58
91.14
72.44
98.02
98.22
104.44
105.86
104.24000000000001
96.44
80.98
81.84
86.26
69.04
96.36
97.10000000000001
82.7
86.14
96.68
61.46
88.82000000000001
77.04
102.7
79.82000000000001
66.1
86.48
98.64
58.44
86.78
82.82000000000001
93.38
104.60000000000001
93.78
91.10000000000001
68.82000000000001
97.8
39.54
90.56
75.8
99.28
93.68
100.78
58.980000000000004
89.06
88.4
110.32000000000001
80.0
92.8
90.56
86.96000000000001
79.78
98.98
94.78
105.84
97.54
73.72
86.74
84.86
73.04
61.32
104.3
74.08
97.44
90.3
91.68
89.2
98.88
30.900000000000002
84.14
95.16
92.46000000000001
73.10000000000001
81.7
77.92
88.94
94.36
101.28
86.44
97.46000000000001
104.36
96.68
82.62
83.98
86.96000000000001
107.26
64.58
79.86
56.76
96.54
91.06
69.36
105.98
92.28
80.3
103.82000000000001
91.42
90.04
75.7
92.24
74.58
102.36
108.42
96.18
95.36
78.08
90.84
102.3
99.52
93.08
97.8
96.68
99.46000000000001
86.4
80.38
84.88
81.16
106.96000000000001
102.9
84.68
91.08
96.5
65.76
87.16
67.2
104.2
110.02
73.64
96.8
107.32000000000001
49.2
76.82000000000001
83.7
87.10000000000001
98.14
87.08
93.24
71.34
76.98
95.18
85.02
96.58
96.62
14.1
89.42
89.92
91.2
96.26
74.06
94.68
99.56
99.18
92.38
84.42
101.02
86.62
90.14
81.32000000000001
107.52
69.9
74.98
94.2
75.60000000000001
85.52
86.9
77.12
86.96000000000001
66.34
85.38
103.68
92.42
83.0
93.2
101.18
92.58
107.36
86.7
84.8
104.0
86.72
92.36
100.60000000000001
97.26
81.44
84.76
77.84
88.42
92.14
90.60000000000001
86.10000000000001
93.76
96.46000000000001
78.74
71.74
90.34
93.62
89.36
86.5
93.74
93.0
102.64
101.3
89.96000000000001
99.5
89.28
94.58
78.04
59.02
88.18
80.14
86.84
89.4
105.4
94.74
94.88
90.2
83.60000000000001
88.02
82.76
97.46000000000001
91.94
83.58
87.74
95.62
83.32000000000001
89.32000000000001
77.76
99.7
87.98
92.64
55.32
92.60000000000001
81.04
86.88
61.940000000000005
89.96000000000001
94.98
60.480000000000004
83.78
40.58
93.98
65.32000000000001
101.34
89.82000000000001
108.66
80.68
95.34
97.78
87.12
94.2
98.64
102.9
92.10000000000001
93.14
94.60000000000001
84.92
97.68
67.46000000000001
89.2
103.02
83.54
80.16
102.60000000000001
30.46
82.9
56.800000000000004
95.62
73.60000000000001
92.24
82.60000000000001
98.2
103.94
99.26
63.74
83.5
98.22
48.64
85.92
89.42
97.86
80.26
84.2
87.82000000000001
91.92
93.72
98.52
62.160000000000004
52.84
50.08
88.28
107.02
82.16
79.58
99.16
69.84
98.88
74.8
85.8
91.34
86.34
102.14
61.58
66.72
83.0
93.46000000000001
98.76
96.68
90.78
64.28
89.12
63.08
81.2
88.24
81.14
81.44
90.64
86.5
60.08
88.5
105.68
83.42
107.56
99.44
92.04
79.52
87.18
85.84
98.4
80.9
101.46000000000001
97.78
86.28
27.560000000000002
90.56
57.480000000000004
88.28
92.52
63.72
84.12
87.38
77.52
70.38
80.68
101.38
94.42
96.38
92.46000000000001
105.46000000000001
96.76
79.08
73.26
90.8
104.16
31.14
86.56
65.08
77.68
79.82000000000001
74.52
59.980000000000004
84.2
40.24
80.74
86.12
84.48
72.86
94.60000000000001
99.72
91.48
83.38
74.4
113.38
96.0
104.08
104.4
98.24000000000001
103.96000000000001
102.24000000000001
90.58
84.14
96.34
82.26
89.72
89.14
91.18
19.38
69.18
77.66
86.86
92.18
84.62
84.9
71.24
75.86
75.12
80.06
95.48
96.02
76.06
98.86
73.24
81.82000000000001
79.92
59.36
78.82000000000001
99.66
53.24
90.74
90.02
88.9
99.26
77.9
91.82000000000001
94.84
66.66
75.2
87.9
96.42
95.88
79.44
67.6
105.52
102.9
43.9
72.72
94.66
98.24000000000001
96.36
91.3
89.06
85.08
93.48
92.22
24.22
73.44
100.66
103.98
60.74
98.04
91.96000000000001
107.2
86.78
98.14
94.4
94.12
74.82000000000001
84.64
80.64
104.06
82.06
98.0
96.48
88.46000000000001
87.04
70.64
90.58
69.52
15.5
90.36
75.34
77.88
99.5
83.98
102.78
102.72
72.56
98.12
84.32000000000001
90.8
96.48
89.68
80.60000000000001
98.34
66.76
68.2
93.88
75.2
86.54
99.68
82.86
93.36
102.58
96.76
60.92
95.54
102.64
92.34
76.76
91.14
39.28
85.8
92.28
107.18
101.22
102.78
95.3
94.0
104.22
43.4
78.74
55.54
86.36
94.08
96.42
94.32000000000001
69.92
91.10000000000001
94.18
81.04
46.36
98.8
90.98
108.98
66.8
100.72
86.92
97.7
89.74
91.16
111.74000000000001
93.02
91.98
93.64
110.4
80.38
88.5
98.28
89.04
97.3
93.28
84.5
87.24
84.2
84.48
95.58
101.02
99.3
81.16
96.5
79.02
93.8
96.9
80.94
81.94
98.46000000000001
101.22
105.96000000000001
90.2
80.48
80.88
95.34
87.04
98.38
99.68
83.76
16.52
94.38
105.88
93.66
93.44
92.42
110.28
40.22
61.44
93.34
89.56
107.14
88.18
76.36
85.92
88.62
79.62
56.84
85.16
89.7
87.78
76.66
95.9
86.58
98.06
91.86
102.64
102.44
98.3
107.38
106.0
96.88
104.2
102.74000000000001
88.38
59.480000000000004
67.6
70.62
86.12
87.48
89.46000000000001
105.5
91.82000000000001
97.82000000000001
94.34
88.08
53.46
91.62
92.32000000000001
80.8
97.78
94.86
10.96
105.76
92.62
93.82000000000001
61.14
90.66
82.44
43.660000000000004
96.10000000000001
83.62
60.9
89.0
98.72
79.0
93.62
101.16
97.94
94.9
44.480000000000004
108.82000000000001
105.64
90.4
90.88
67.36
104.28
65.62
97.32000000000001
104.62
84.62
76.34
102.36
63.08
95.06
99.7
98.52
98.4
73.86
61.86
58.480000000000004
82.9
91.08
43.08
71.64
100.7
97.36
79.36
74.86
107.46000000000001
87.42
101.02
93.66
71.2
93.46000000000001
86.74
89.66
88.68
92.84
84.66
89.68
87.8
85.56
83.94
72.2
101.46000000000001
76.62
94.18
97.26
89.62
67.1
98.04
92.04
89.38
87.36
95.8
58.22
72.96000000000001
91.62
83.5
83.92
78.28
95.24
100.5
79.42
89.46000000000001
94.68
62.06
85.12
107.10000000000001
93.82000000000001
75.82000000000001
73.28
84.86
76.02
92.64
101.3
71.08
83.28
107.66
102.62
99.48
105.98
72.4
96.76
92.92
84.26
101.48
76.62
101.04
97.9
86.08
57.24
99.68
76.82000000000001
79.10000000000001
99.74000000000001
10.38
104.24000000000001
86.78
92.54
87.16
92.92
43.46
67.3
101.3
104.10000000000001
90.28
84.4
94.04
101.66
79.88
95.0
110.62
98.3
99.62
88.36
95.98
79.18
92.48
83.02
88.86
80.64
61.54
105.44
78.96000000000001
64.02
98.2
94.78
98.12
92.3
95.52
84.12
92.68
94.64
98.54
89.14
102.62
93.3
89.64
92.18
93.06
85.12
85.7
77.74
77.96000000000001
45.6
49.36
88.98
76.76
63.4
89.52
62.18
36.06
91.76
94.16
64.58
95.62
87.52
56.2
97.56
101.94
93.22
85.52
82.2
98.4
91.16
76.64
89.3
98.58
47.64
85.18
93.94
105.8
93.08
90.42
89.68
87.38
95.5
84.3
84.58
84.04
95.64
102.64
91.64
89.36
90.16
87.76
69.10000000000001
93.06
78.82000000000001
85.48
78.62
104.5
95.02
84.38
88.36
91.96000000000001
107.42
82.72
93.68
85.52
96.78
52.42
100.78
88.38
99.78
95.12
91.46000000000001
102.68
87.14
95.12
81.2
92.06
93.92
77.32000000000001
96.68
85.58
76.10000000000001
102.54
94.60000000000001
71.52
69.34
89.94
5.6000000000000005
78.48
95.82000000000001
64.42
75.46000000000001
96.7
72.78
93.16
102.66
73.56
92.72
69.14
89.68
95.62
76.72
92.58
83.98
85.66
77.9
102.82000000000001
92.66
87.42
93.82000000000001
92.7
101.06
79.52
90.4
85.76
94.9
58.02
43.68
57.42
86.4
98.3
92.86
100.3
70.16
70.44
80.44
81.04
74.12
95.54
89.36
81.02
74.98
75.7
94.22
94.88
95.98
102.56
99.9
59.14
95.32000000000001
78.54
93.04
87.92
90.02
95.32000000000001
98.44
100.04
91.96000000000001
100.94
99.56
102.86
100.5
100.94
91.94
34.56
99.58
103.76
80.78
95.64
60.88
101.46000000000001
98.82000000000001
55.02
99.76
65.04
102.82000000000001
87.44
95.16
79.9
79.44
95.02
89.04
55.7
97.84
104.42
93.32000000000001
91.38
98.18
76.24
81.94
78.16
100.8
69.06
68.9
87.0
101.64
89.26
93.92
62.940000000000005
83.58
96.26
102.46000000000001
110.3
93.36
52.620000000000005
91.18
107.36
79.5
57.4
75.10000000000001
58.22
85.66
104.3
88.64
79.9
86.48
76.22
80.16
102.0
97.32000000000001
95.04
94.52
91.7
65.46000000000001
96.66
66.3
74.94
99.5
87.44
82.66
81.94
85.9
100.94
92.44
93.8
84.44
93.9
101.10000000000001
95.3
89.10000000000001
80.02
99.44
92.04
89.22
8.18
89.5
87.62
59.5
97.78
91.72
53.64
110.26
52.02
90.48
96.18
86.38
96.32000000000001
104.34
91.32000000000001
77.5
98.8
94.9
101.42
83.22
80.60000000000001
78.96000000000001
30.48
96.42
92.74
95.74000000000001
82.46000000000001
93.32000000000001
78.18
72.96000000000001
82.62
81.7
56.120000000000005
102.60000000000001
85.24
99.28
66.54
98.22
84.52
90.8
51.68
75.96000000000001
92.84
64.16
82.82000000000001
100.7
94.22
89.02
71.7
75.98
110.34
85.34
85.06
89.4
100.98
65.86
93.3
101.36
82.16
84.88
94.38
79.12
82.08
86.8
110.34
92.72
102.36
91.56
95.92
67.48
95.60000000000001
85.26
99.92
100.8
83.58
82.88
102.32000000000001
85.5
64.46000000000001
78.44
40.14
104.4
79.26
92.86
92.64
90.32000000000001
102.34
104.32000000000001
77.14
87.44
68.54
86.64
102.48
68.84
95.36
97.54
96.36
99.76
67.4
92.02
83.24
86.44
89.86
98.14
66.66
75.36
85.98
50.08
99.58
81.78
95.24
50.160000000000004
99.42
83.82000000000001
99.18
90.54
87.94
69.84
53.660000000000004
101.16
67.88
101.0
47.4
81.0
102.64
68.18
96.64
86.46000000000001
105.8
78.5
95.5
86.02
95.36
90.32000000000001
92.46000000000001
70.82000000000001
89.94
96.18
96.46000000000001
50.38
95.62
59.06
93.5
72.10000000000001
82.10000000000001
90.42
96.2
93.92
64.64
100.96000000000001
93.48
104.08
102.38
95.26
86.74
97.14
73.14
102.54
104.38
84.64
99.0
79.62
81.84
83.28
79.7
89.78
95.98
88.34
101.22
98.02
86.44
84.84
105.2
90.06
71.54
86.12
101.22
104.18
93.76
96.66
30.5
90.04
104.14
105.74000000000001
86.06
93.86
43.44
87.58
93.14
98.36
73.38
62.5
100.92
91.4
90.84
76.8
82.94
59.2
74.08
86.2
95.34
65.32000000000001
83.2
107.36
87.76
107.26
45.5
96.34
74.60000000000001
87.76
84.9
100.96000000000001
28.34
90.82000000000001
94.0
86.3
79.54
96.9
71.8
89.66
80.92
96.64
47.32
96.2
44.300000000000004
69.72
97.56
96.12
99.74000000000001
83.34
99.10000000000001
77.4
66.02
100.48
98.52
5.96
83.58
98.96000000000001
62.300000000000004
86.42
81.2
91.92
99.2
93.28
78.96000000000001
95.52
96.54
88.36
87.46000000000001
80.4
96.0
89.78
94.26
86.92
47.6
104.14
50.08
96.78
91.94
83.16
89.82000000000001
92.62
88.02
95.64
97.52
91.58
92.8
85.42
92.16
87.8
105.78
91.74
96.56
79.2
93.52
84.06
83.32000000000001
97.72
90.76
92.2
100.8
107.58
94.64
79.42
67.54
93.32000000000001
95.92
82.48
89.10000000000001
93.48
105.66
93.82000000000001
81.78
97.10000000000001
92.46000000000001
68.42
99.02
80.74
86.10000000000001
65.36
90.78
80.02
92.02
95.28
59.68
86.42
69.4
94.24
107.06
98.16
76.16
81.94
97.16
82.78
104.36
101.68
90.92
89.32000000000001
97.46000000000001
64.26
69.44
55.24
91.82000000000001
89.48
93.62
93.0
72.78
83.52
94.92
83.32000000000001
64.3
95.76
96.2
104.3
62.800000000000004
101.10000000000001
79.32000000000001
82.62
80.16
98.08
87.88
96.98
105.88
69.26
47.08
69.36
107.32000000000001
82.12
88.22
91.4
91.46000000000001
93.56
95.16
76.9
86.60000000000001
79.62
101.12
87.92
90.88
51.86
101.26
74.58
101.36
82.98
104.10000000000001
83.48
83.66
91.64
84.56
89.22
71.54
81.9
44.06
37.56
90.9
76.98
94.84
50.36
74.68
98.3
94.10000000000001
83.22
94.96000000000001
86.42
99.48
103.88
64.86
76.0
82.16
76.16
98.26
96.32000000000001
96.68
92.4
93.32000000000001
64.5
68.96000000000001
107.22
94.8
81.18
96.8
101.28
95.32000000000001
83.92
102.4
78.12
88.38
61.1
90.92
97.48
18.240000000000002
62.86
85.06
89.7
84.3
50.86
96.78
97.02
36.78
78.0
80.34
99.58
86.58
92.18
89.72
89.18
98.2
74.44
71.2
29.26
104.58
76.46000000000001
92.64
92.60000000000001
94.46000000000001
102.60000000000001
93.56
73.94
96.36
77.96000000000001
104.26
71.96000000000001
84.54
87.26
102.84
85.88
88.88
105.4
102.62
75.94
104.28
84.92
98.06
105.7
95.52
71.96000000000001
86.94
94.06
86.0
83.8
22.32
89.98
87.34
96.32000000000001
63.72
72.56
84.68
69.10000000000001
95.3
63.14
100.32000000000001
51.36
87.16
75.36
87.46000000000001
91.10000000000001
95.72
85.22
80.42
80.60000000000001
69.88
86.86
99.54
90.82000000000001
4.14
87.28
78.76
102.74000000000001
84.5
106.04
93.98
98.74000000000001
94.7
85.48
86.0
86.88
69.7
71.22
29.580000000000002
67.32000000000001
104.42
40.14
92.10000000000001
95.22
107.24000000000001
66.66
99.7
75.56
65.2
0.5
84.54
103.98
98.34
85.16
103.66
107.16
94.94
105.74000000000001
67.44
77.9
108.74000000000001
84.36
110.34
90.60000000000001
56.0
101.2
84.72
96.76
98.9
74.08
87.4
69.98
105.72
101.12
98.92
67.16
56.2
93.08
102.72
83.22
89.28
104.14
90.12
68.22
92.42
52.14
102.08
4.26
98.12
76.68
100.84
93.18
90.44
74.84
85.9
79.2
89.44
73.18
73.66
54.44
104.46000000000001
95.68
104.2
102.88
69.36
98.02
95.46000000000001
81.38
90.52
98.34
97.52
94.02
93.5
91.08
75.9
105.58
95.38
98.28
93.76
89.62
80.38
92.08
94.92
97.3
85.9
89.06
54.1
104.38
99.82000000000001
90.36
87.26
84.68
98.42
87.88
91.14
96.88
105.36
92.24
84.88
95.18
74.08
85.02
80.86
83.46000000000001
83.0
79.54
77.4
91.36
84.34
87.36
80.52
86.72
34.96
91.34
107.10000000000001
97.52
102.68
93.74
84.72
71.52
102.60000000000001
99.58
96.8
98.54
97.94
75.36
28.16
60.74
86.3
82.28
90.54
99.58
92.32000000000001
50.36
62.58
70.92
60.34
88.42
90.12
98.68
84.24
102.48
96.36
67.38
69.14
102.92
90.10000000000001
77.22
100.52
98.48
90.26
75.18
74.22
94.2
82.46000000000001
84.62
101.24000000000001
51.82
72.7
76.24
102.24000000000001
100.76
56.480000000000004
94.04
87.14
83.64
88.74
99.88
96.02
101.18
89.02
68.4
65.66
84.0
97.78
96.84
97.96000000000001
101.42
101.14
80.06
79.16
92.92
89.06
65.78
98.44
55.04
75.06
23.36
85.2
66.66
58.36
67.12
82.68
37.26
76.4
79.60000000000001
92.08
76.48
94.42
80.7
58.46
89.04
89.7
72.48
81.72
99.8
91.02
79.10000000000001
86.64
95.02
85.12
45.74
70.32000000000001
71.66
98.10000000000001
100.7
88.32000000000001
96.46000000000001
99.74000000000001
82.08
94.44
101.08
78.32000000000001
69.9
90.5
98.10000000000001
91.98
101.22
75.98
88.92
106.84
101.02
105.7
52.52
98.02
93.88
95.92
97.66
89.16
96.3
91.76
93.5
72.88
100.84
104.08
94.76
94.88
89.72
75.96000000000001
104.14
84.5
96.54
94.32000000000001
78.96000000000001
87.3
66.76
105.4
76.02
96.36
73.0
82.54
97.44
79.64
82.92
84.86
92.68
64.64
62.38
53.980000000000004
89.2
38.58
93.74
57.36
85.06
100.74000000000001
99.4
110.3
75.72
87.74
88.06
62.22
96.44
63.660000000000004
98.14
84.42
57.36
101.12
68.48
81.8
84.28
95.94
87.0
79.42
92.24
62.68
94.5
86.82000000000001
98.10000000000001
75.96000000000001
100.78
54.9
70.56
85.44
88.5
59.38
81.54
98.94
59.120000000000005
83.26
77.0
86.32000000000001
75.74
96.10000000000001
50.92
76.94
93.44
72.2
103.84
94.86
67.58
49.74
90.36
97.24000000000001
93.32000000000001
89.52
95.24
85.58
66.26
89.74
53.1
94.56
99.96000000000001
102.16
98.34
72.62
49.78
96.36
101.54
100.58
94.48
83.86
85.84
98.44
75.3
81.84
102.68
95.54
67.56
84.94
88.18
94.44
98.10000000000001
96.66
83.58
87.7
98.4
95.5
97.06
91.72
100.74000000000001
70.22
93.76
90.88
95.02
74.7
89.38
72.98
74.0
50.1
82.5
86.26
95.36
97.42
96.60000000000001
105.62
102.94
99.92
74.78
87.32000000000001
84.08
63.26
62.34
88.60000000000001
80.60000000000001
82.46000000000001
76.38
102.72
87.68
107.22
98.42
81.78
89.22
76.9
95.78
54.68
58.24
94.72
95.94
101.06
89.76
97.78
96.54
99.28
99.92
27.48
91.84
77.04
88.86
89.38
91.96000000000001
79.94
93.2
93.86
92.9
98.04
100.42
83.8
96.74000000000001
81.28
102.58
96.92
61.96
87.58
89.8
77.56
49.74
93.2
88.5
92.92
101.26
84.22
63.38
71.9
104.04
51.88
78.58
75.78
108.60000000000001
67.66
99.66
49.980000000000004
89.34
90.78
73.9
81.72
87.18
84.08
86.04
77.0
107.12
81.44
83.42
65.08
97.78
71.38
85.32000000000001
80.04
95.56
88.82000000000001
75.8
80.82000000000001
85.56
96.94
82.64
106.9
94.96000000000001
92.44
63.34
99.62
104.24000000000001
95.02
56.72
96.7
105.9
92.86
82.02
89.68
81.58
86.22
97.66
91.84
107.12
95.88
96.26
88.24
49.4
83.08
91.88
77.46000000000001
82.12
84.3
110.5
96.62
90.72
84.34
99.42
99.82000000000001
83.06
102.72
96.32000000000001
104.16
70.72
48.02
92.28
99.54
101.08
87.42
108.52
97.58
91.84
98.94
66.1
93.32000000000001
102.48
98.08
93.14
58.24
94.7
97.7
96.3
51.54
93.5
97.88
67.14
88.2
102.82000000000001
91.16
65.7
91.38
105.66
65.36
83.62
66.36
98.14
94.82000000000001
92.02
93.82000000000001
81.3
75.5
87.82000000000001
102.48
93.14
93.52
106.04
89.98
75.86
82.94
84.3
52.1
82.16
98.74000000000001
81.06
104.02
87.94
90.22
82.38
92.2
93.56
100.84
88.44
96.48
80.46000000000001
99.36
92.72
94.96000000000001
105.64
92.12
106.98
101.48
61.660000000000004
82.18
95.72
85.44
89.68
100.72
60.36
71.02
32.480000000000004
91.2
79.74
92.34
82.16
63.92
72.34
90.94
91.7
25.48
72.0
85.98
74.86
97.3
90.0
98.34
101.0
99.46000000000001
89.18
96.5
89.66
90.66
90.98
78.06
72.28
95.54
91.92
89.48
40.38
90.76
98.52
75.18
88.36
88.74
99.22
88.22
91.36
60.9
105.54
86.74
61.08
88.82000000000001
59.04
95.8
91.7
58.46
83.36
99.24000000000001
76.9
65.42
86.92
88.94
94.88
96.64
91.22
76.16
61.54
83.94
80.60000000000001
81.26
99.84
81.04
91.92
96.52
43.64
76.60000000000001
78.24
97.92
80.72
91.32000000000001
99.32000000000001
90.88
93.14
92.24
75.0
99.72
41.26
92.14
93.84
84.66
97.96000000000001
88.7
95.84
98.22
61.56
95.54
98.34
94.0
78.28
25.18
69.04
94.84
84.42
96.26
96.78
89.5
50.02
98.06
91.52
39.24
92.86
95.76
95.5
94.94
18.580000000000002
69.62
69.58
80.78
95.72
98.3
85.14
99.88
92.48
93.02
87.06
89.44
66.12
86.18
92.58
62.1
74.5
53.78
96.2
98.02
71.82000000000001
99.12
86.92
88.94
99.7
99.9
86.16
89.38
62.800000000000004
87.24
81.08
82.22
88.68
74.02
34.26
105.68
83.02
97.7
91.36
18.22
91.48
90.46000000000001
81.92
92.18
38.96
85.06
102.78
90.5
95.08
54.120000000000005
81.7
96.4
100.62
90.9
88.56
93.56
90.52
99.68
86.14
61.38
92.84
60.9
53.160000000000004
97.8
65.26
63.0
101.32000000000001
77.38
104.44
96.36
77.0
101.10000000000001
81.46000000000001
76.28
83.5
98.02
92.24
79.62
96.04
70.68
89.3
86.92
102.04
97.14
55.620000000000005
85.76
93.12
105.62
82.22
102.24000000000001
96.38
92.16
102.44
99.74000000000001
90.44
94.78
90.08
91.64
54.78
94.78
93.16
98.18
80.06
23.240000000000002
81.08
67.94
81.72
93.04
102.60000000000001
55.06
83.48
71.48
90.14
31.92
88.92
105.7
94.9
96.58
81.08
81.26
81.42
71.98
95.0
96.04
89.14
77.08
76.48
97.26
93.66
83.46000000000001
91.56
73.96000000000001
95.04
89.16
82.8
85.34
107.26
71.16
83.26
96.38
66.02
93.32000000000001
81.56
92.54
61.28
71.34
62.32
90.10000000000001
110.18
95.52
83.66
82.52
57.82
85.10000000000001
34.84
93.84
97.12
94.12
80.5
47.76
94.68
88.94
87.64
83.5
87.82000000000001
86.86
67.52
64.28
79.44
72.86
91.02
90.06
87.96000000000001
88.14
86.58
72.22
101.86
53.22
89.74
76.68
107.2
91.12
95.3
62.24
97.10000000000001
94.96000000000001
98.38
89.96000000000001
72.84
75.44
76.76
46.480000000000004
92.3
88.34
84.88
87.84
51.52
79.72
96.5
89.12
72.34
92.0
91.78
75.52
96.26
94.9
105.82000000000001
81.56
92.56
85.4
96.46000000000001
82.18
93.36
74.56
87.68
82.10000000000001
84.7
94.5
103.96000000000001
102.16
98.14
85.66
96.72
81.52
54.64
83.10000000000001
93.0
79.4
82.84
89.66
46.58
91.52
63.92
91.18
82.4
81.16
91.3
113.44
83.76
91.64
92.46000000000001
55.9
102.46000000000001
58.74
99.66
101.16
94.44
96.94
86.24
78.52
66.5
88.26
86.98
68.4
60.7
89.84
99.34
105.14
80.96000000000001
102.48
53.56
101.04
77.5
89.64
97.9
83.9
63.54
34.44
101.46000000000001
82.42
93.96000000000001
46.12
96.86
84.7
86.56
85.18
92.60000000000001
94.12
92.54
103.60000000000001
83.42
89.5
67.24
83.36
107.22
84.02
60.480000000000004
93.46000000000001
89.64
88.84
80.76
98.06
96.98
82.06
85.84
96.26
87.9
83.52
101.3
54.96
80.3
94.66
26.78
99.88
94.96000000000001
47.800000000000004
93.72
79.7
95.76
102.5
71.26
92.14
85.48
70.14
83.26
91.94
94.42
86.9
76.04
63.4
101.06
90.84
92.3
85.68
107.26
93.32000000000001
81.04
99.74000000000001
90.08
72.66
43.88
95.60000000000001
89.66
93.98
87.88
81.16
74.64
58.82
102.68
89.14
99.92
100.46000000000001
66.4
97.22
71.54
81.96000000000001
105.66
95.34
69.22
61.7
87.94
89.08
102.08
37.14
101.48
88.88
89.38
107.48
62.14
99.82000000000001
101.96000000000001
88.88
85.72
94.48
72.74
90.76
97.26
83.54
81.42
68.26
81.98
94.08
88.60000000000001
100.9
67.0
102.92
104.54
77.54
95.3
97.74000000000001
67.24
100.86
82.06
88.16
104.26
101.46000000000001
81.98
86.92
69.7
85.26
76.4
83.06
69.84
95.16
100.14
80.42
84.76
87.08
83.48
84.74
92.54
59.42
93.9
95.74000000000001
60.08
71.46000000000001
94.5
84.7
93.44
91.9
68.82000000000001
66.4
81.14
93.84
107.38
60.160000000000004
84.92
75.92
104.42
72.44
92.08
56.14
78.10000000000001
78.38
99.02
58.2
56.18
33.160000000000004
81.72
102.54
90.8
14.86
92.64
85.9
63.28
32.92
92.64
73.22
92.88
74.96000000000001
62.78
95.22
104.34
97.02
71.36
96.12
94.08
72.54
76.5
101.14
98.9
80.5
65.46000000000001
83.26
105.44
85.5
97.0
93.08
81.24
90.26
62.18
53.18
90.08
87.60000000000001
102.78
95.02
66.26
101.82000000000001
94.94
94.54
100.32000000000001
87.5
92.48
97.5
75.38
61.78
96.22
98.74000000000001
77.04
97.94
95.8
98.2
65.0
97.28
91.60000000000001
100.88
51.120000000000005
82.58
78.86
82.86
110.3
102.60000000000001
52.0
97.34
62.82
84.54
92.06
91.48
87.4
82.06
52.06
91.28
96.4
93.22
75.88
91.06
92.54
98.16
74.22
89.4
94.02
79.78
98.0
94.68
96.36
95.36
96.72
83.0
85.92
99.26
76.52
92.12
86.8
88.08
90.98
2.7600000000000002
77.66
89.76
87.64
99.26
92.8
94.86
89.56
80.2
94.38
98.32000000000001
93.42
93.88
95.7
92.24
85.72
92.4
58.18
89.42
87.8
88.46000000000001
87.48
91.88
81.64
91.94
84.16
69.56
80.88
82.44
100.98
102.9
57.96
99.9
84.72
70.08
94.3
86.78
83.76
87.78
102.34
97.98
99.62
90.2
100.62
76.36
83.56
101.36
76.4
84.36
78.12
96.24000000000001
98.0
101.12
103.7
85.48
101.06
92.06
82.8
90.2
84.10000000000001
105.64
88.74
103.9
81.94
87.78
99.64
95.4
85.94
104.38
70.88
103.92
85.60000000000001
93.14
104.18
81.36
95.02
12.14
93.4
76.48
91.62
48.78
102.5
100.96000000000001
91.98
102.62
81.98
57.36
73.9
101.22
101.3
90.78
107.32000000000001
91.56
78.72
54.96
98.18
94.28
109.04
88.88
90.52
62.78
84.06
87.24
84.92
57.32
104.34
75.24
93.48
82.88
75.34
92.08
56.26
89.36
59.620000000000005
91.18
55.68
87.46000000000001
81.98
72.74
84.58
88.54
85.8
93.04
94.7
48.160000000000004
69.18
93.76
92.42
93.38
90.36
102.52
94.8
94.98
101.42
91.56
94.38
99.54
86.14
99.7
83.84
82.86
84.12
97.06
102.44
64.1
86.5
85.02
92.44
91.9
80.16
80.84
91.88
95.54
78.74
45.86
102.78
91.02
99.34
98.86
97.16
35.46
93.92
96.60000000000001
62.2
95.36
76.5
101.0
80.24
72.48
94.72
93.38
100.84
93.36
85.36
92.12
87.3
105.60000000000001
95.42
84.86
70.92
91.04
81.26
97.74000000000001
82.56
66.26
95.32000000000001
80.5
95.48
80.14
99.68
78.4
99.18
82.84
92.9
99.44
87.96000000000001
56.660000000000004
97.54
101.38
78.58
105.82000000000001
95.94
81.7
87.88
72.26
81.98
62.300000000000004
102.54
95.62
79.88
95.4
61.480000000000004
94.86
81.12
90.32000000000001
95.98
100.58
84.02
34.06
98.04
76.88
80.72
95.16
86.5
94.9
82.52
93.2
77.0
78.8
86.24
84.74
62.72
60.38
99.26
73.22
90.92
89.9
89.10000000000001
91.84
78.06
92.04
71.9
96.72
102.44
87.38
110.36
101.12
96.74000000000001
90.56
63.82
93.7
88.74
104.38
85.94
90.26
97.76
58.68
93.48
80.24
60.32
96.74000000000001
81.76
98.34
95.82000000000001
75.72
81.4
83.64
92.4
101.4
101.92
61.26
89.12
102.66
91.28
63.24
102.64
75.24
96.68
102.84
74.5
103.92
102.36
72.88
99.10000000000001
92.34
98.12
102.3
73.32000000000001
102.68
97.88
82.24
81.7
100.66
90.14
85.54
101.04
86.96000000000001
99.44
104.0
76.12
95.84
93.22
72.02
89.54
108.74000000000001
67.6
58.36
94.0
100.84
98.04
92.78
92.94
91.88
87.42
93.22
89.36
86.76
91.62
93.26
73.64
98.58
80.62
95.04
76.26
102.78
95.96000000000001
84.74
91.78
107.32000000000001
90.46000000000001
94.82000000000001
90.78
61.9
92.92
98.10000000000001
96.24000000000001
94.08
102.76
99.28
80.68
101.14
82.60000000000001
102.44
84.86
86.94
80.44
92.38
91.44
81.12
87.02
97.94
77.54
88.58
87.66
87.98
78.56
84.60000000000001
89.32000000000001
90.16
101.32000000000001
64.88
93.3
93.46000000000001
71.32000000000001
74.94
66.86
51.660000000000004
96.42
87.52
52.32
78.14
104.3
87.12
97.84
85.16
91.62
98.68
54.46
97.4
92.96000000000001
90.60000000000001
73.2
67.28
86.7
91.34
31.740000000000002
78.92
46.300000000000004
61.04
86.84
42.68
99.82000000000001
92.0
96.72
77.8
88.4
99.72
92.7
94.62
65.06
81.5
71.58
104.36
92.28
104.16
53.28
93.10000000000001
101.24000000000001
103.92
85.52
57.1
91.42
35.800000000000004
87.42
87.82000000000001
88.04
102.92
55.38
95.08
107.3
100.36
99.72
71.22
88.44
101.48
92.68
99.0
72.54
78.02
95.0
99.56
83.86
102.48
86.46000000000001
80.38
107.60000000000001
99.3
92.14
95.94
77.56
101.26
110.16
87.64
96.78
103.78
94.68
74.56
86.34
99.66
86.22
98.34
80.3
91.82000000000001
81.52
101.08
92.12
70.76
86.92
79.86
99.34
92.42
79.44
96.46000000000001
68.96000000000001
82.58
88.04
79.32000000000001
95.0
60.9
98.16
77.24
89.0
92.82000000000001
98.02
77.34
92.02
73.08
82.0
79.64
82.82000000000001
85.94
101.22
90.9
80.22
95.86
55.32
59.0
86.76
100.58
99.12
98.18
77.84
90.56
100.76
87.4
97.82000000000001
62.54
80.16
91.88
94.66
85.9
99.66
61.160000000000004
97.72
87.48
87.98
68.52
61.28
67.42
88.10000000000001
86.76
102.32000000000001
96.02
101.38
89.82000000000001
88.88
95.38
99.66
94.32000000000001
90.8
64.16
102.56
67.04
61.660000000000004
92.62
93.96000000000001
86.38
71.18
84.62
93.44
97.78
71.66
90.8
97.86
91.3
94.42
101.08
102.12
93.62
91.38
94.02
93.42
102.9
88.54
84.12
102.7
75.98
99.52
96.08
99.32000000000001
95.3
64.66
81.5
107.16
88.5
96.06
105.42
90.10000000000001
87.76
75.28
97.58
89.08
95.34
97.94
97.78
85.10000000000001
79.78
84.38
91.56
105.68
98.28
83.66
88.38
71.5
94.78
89.34
76.64
82.98
86.14
72.12
99.86
93.44
86.94
101.34
81.06
93.44
96.7
92.42
71.98
59.620000000000005
74.82000000000001
90.04
76.02
86.82000000000001
75.84
66.04
96.22
98.0
84.68
87.34
80.08
95.22
79.72
91.64
67.3
93.26
96.5
90.56
84.2
81.64
76.02
81.38
102.4
97.9
92.38
80.0
79.12
90.2
98.0
84.12
96.54
108.94
98.52
73.56
106.04
110.5
99.26
99.54
86.34
90.92
95.26
89.62
104.58
108.68
101.10000000000001
105.86
82.52
96.36
80.66
64.38
98.52
89.22
95.52
90.86
107.26
94.0
82.08
56.86
69.8
81.92
103.94
91.72
80.62
86.18
80.46000000000001
101.18
96.76
72.5
98.26
95.62
90.08
68.18
96.26
95.96000000000001
88.10000000000001
101.32000000000001
60.14
101.28
86.48
61.82
85.0
93.56
110.26
65.44
77.54
96.48
96.0
95.14
92.54
78.78
87.68
104.26
79.34
77.78
66.48
76.98
42.84
67.42
99.18
96.4
96.16
62.56
97.96000000000001
76.84
93.42
79.78
102.48
89.84
94.24
77.94
91.28
80.76
87.52
88.94
88.04
87.72
93.04
94.88
74.42
84.36
89.72
92.08
99.2
101.42
86.06
99.46000000000001
108.92
64.12
102.64
83.14
69.08
73.10000000000001
88.04
86.7
102.48
83.46000000000001
88.88
99.26
89.28
81.98
69.78
64.02
103.84
93.18
81.36
90.68
104.16
88.72
61.56
73.28
90.32000000000001
88.62
90.32000000000001
97.9
95.32000000000001
104.04
96.32000000000001
75.7
107.46000000000001
81.9
70.64
91.5
107.24000000000001
83.78
89.2
73.72
62.4
98.24000000000001
97.72
81.4
69.06
74.08
92.0
68.68
83.18
107.58
96.8
104.36
83.58
96.72
102.5
91.68
58.68
76.62
90.56
100.98
73.56
77.82000000000001
80.38
67.44
103.98
92.36
101.26
55.26
86.4
72.52
91.68
72.74
97.52
92.28
83.7
83.08
82.22
63.4
89.84
79.98
96.34
104.42
81.2
98.04
79.48
80.16
82.28
56.6
104.46000000000001
94.66
96.52
96.16
89.36
94.38
84.02
97.56
90.72
50.94
66.48
77.78
93.10000000000001
97.72
101.32000000000001
64.56
92.64
68.46000000000001
86.54
84.46000000000001
95.16
82.88
96.84
90.02
75.48
96.08
84.34
98.26
71.14
97.28
97.9
99.32000000000001
83.74
102.4
87.28
105.66
101.34
60.22
93.38
92.68
72.02
102.52
88.34
102.48
85.26
91.62
97.84
86.54
90.4
95.74000000000001
92.74
86.56
80.36
56.800000000000004
97.66
93.14
63.78
99.64
78.12
86.28
105.9
72.68
105.4
103.8
85.12
91.38
94.76
93.08
104.36
91.56
81.9
68.62
94.3
101.96000000000001
102.62
97.32000000000001
85.88
94.14
73.46000000000001
90.32000000000001
94.16
78.94
78.54
94.94
79.42
53.06
93.42
99.34
99.9
96.54
71.26
92.10000000000001
90.14
88.28
85.38
88.08
104.32000000000001
99.86
86.92
71.74
92.36
89.26
97.44
102.76
71.2
91.10000000000001
72.72
92.72
99.7
77.3
95.62
53.46
77.58
105.52
69.84
96.62
46.82
87.60000000000001
57.9
93.9
70.84
101.28
96.84
69.24
88.94
76.06
49.18
77.32000000000001
80.96000000000001
96.66
88.98
85.16
81.62
101.38
66.42
62.74
92.14
73.94
89.88
102.64
99.94
95.66
87.08
90.9
85.06
73.82000000000001
97.5
93.54
77.88
83.34
77.48
83.10000000000001
83.32000000000001
66.04
20.8
77.8
95.98
62.04
96.54
97.68
90.84
85.24
79.64
56.76
97.92
94.04
99.48
104.02
84.76
88.0
51.28
85.52
100.74000000000001
92.04
70.28
92.26
52.4
84.12
97.8
73.74
75.06
75.86
80.92
97.42
102.46000000000001
85.84
90.74
58.84
75.24
94.8
85.06
89.9
65.78
83.62
72.10000000000001
107.10000000000001
93.94
85.34
93.64
66.02
83.68
63.2
86.36
102.62
99.34
98.58
87.56
87.4
66.34
61.9
78.58
94.08
99.48
78.54
92.5
82.8
85.44
103.5
98.10000000000001
92.60000000000001
82.84
82.78
87.9
92.64
94.9
84.9
96.02
82.36
94.46000000000001
101.14
86.54
99.64
58.0
93.06
88.52
50.88
93.5
102.96000000000001
76.22
102.60000000000001
104.04
95.44
41.54
99.78
89.46000000000001
63.480000000000004
71.64
74.12
89.94
82.3
64.36
89.46000000000001
64.42
92.58
1.36
97.36
88.16
94.24
75.32000000000001
83.86
48.9
90.68
76.7
101.18
80.74
95.64
40.72
93.06
79.9
89.66
74.34
102.98
89.5
78.06
99.76
76.48
82.14
66.92
98.12
89.54
74.66
99.5
92.36
90.08
68.66
96.72
71.8
80.3
101.44
95.96000000000001
36.34
93.66
12.24
102.64
81.34
96.52
84.36
100.02
95.74000000000001
91.44
76.54
84.22
100.82000000000001
91.48
76.34
66.34
71.86
67.74
88.9
89.42
98.16
90.08
93.34
105.60000000000001
92.22
84.98
75.44
84.7
95.60000000000001
87.92
104.44
92.14
86.94
106.0
80.86
91.82000000000001
55.92
83.56
83.38
75.32000000000001
87.12
75.16
86.8
64.98
80.82000000000001
104.48
100.04
88.88
89.38
89.76
98.94
54.9
87.98
80.04
91.22
87.68
76.48
74.96000000000001
58.620000000000005
89.0
81.28
101.68
52.86
1.3
92.02
81.08
94.06
65.24
71.92
88.88
88.56
93.52
92.34
102.60000000000001
68.1
95.74000000000001
98.10000000000001
95.26
87.58
89.16
103.94
90.42
78.18
98.52
95.02
80.46000000000001
99.22
99.76
83.68
54.82
105.82000000000001
93.78
70.02
46.32
91.92
93.98
61.58
56.88
96.62
72.66
61.86
66.92
88.5
66.1
93.48
93.94
84.48
94.8
96.12
67.6
86.24
58.08
102.14
95.7
63.800000000000004
87.38
95.8
99.60000000000001
76.94
86.94
82.56
84.54
60.46
94.54
89.42
97.58
93.22
64.8
100.9
39.86
78.72
99.04
104.12
98.48
92.64
71.36
79.54
88.54
86.94
86.46000000000001
80.88
101.28
79.60000000000001
79.18
76.8
93.34
53.46
110.06
74.34
91.34
97.12
90.08
71.2
76.4
91.9
68.12
96.12
81.62
58.300000000000004
94.86
93.62
98.0
73.76
86.94
99.78
105.44
67.32000000000001
65.74
86.48
70.68
91.18
54.620000000000005
73.16
95.22
60.72
86.98
91.42
102.08
92.84
92.74
78.94
84.12
86.86
93.10000000000001
82.84
98.42
78.2
96.36
97.28
84.56
93.54
86.96000000000001
99.48
93.74
85.54
75.88
92.98
97.34
92.86
84.16
87.10000000000001
57.18
101.3
91.52
94.7
83.3
74.98
79.32000000000001
87.3
85.8
78.9
99.64
64.92
50.84
88.46000000000001
93.48
98.32000000000001
96.74000000000001
105.68
55.32
68.14
108.92
98.62
84.84
94.92
107.06
99.5
92.06
105.68
86.36
100.82000000000001
93.68
96.84
63.36
92.98
40.26
104.2
104.34
69.08
96.64
90.28
102.48
95.06
77.86
90.94
54.6
93.34
89.62
92.68
88.64
100.42
82.12
90.10000000000001
58.32
77.58
67.84
99.84
66.16
31.5
94.56
107.26
105.84
84.46000000000001
83.06
18.76
98.3
94.96000000000001
51.2
101.66
58.46
92.26
69.9
75.04
92.56
71.76
86.4
37.6
75.82000000000001
96.56
93.12
75.82000000000001
96.66
87.72
97.4
85.32000000000001
86.52
81.78
79.68
80.26
94.14
98.48
94.66
90.7
96.88
95.58
93.24
79.86
93.82000000000001
91.06
93.72
90.60000000000001
44.74
73.78
70.36
94.46000000000001
81.60000000000001
93.22
105.68
101.46000000000001
85.42
88.66
88.24
84.52
11.96
105.8
96.92
96.24000000000001
94.88
77.58
44.300000000000004
95.14
93.92
79.82000000000001
92.04
86.60000000000001
102.52
83.38
99.88
83.18
74.5
88.38
83.18
99.3
70.66
77.04
84.5
68.28
95.66
98.16
94.48
103.84
88.16
95.4
99.96000000000001
60.5
96.62
71.76
97.76
85.3
101.18
70.48
93.26
89.54
110.10000000000001
94.44
81.06
95.14
102.44
91.76
78.68
85.08
65.92
80.88
101.72
87.64
90.92
96.88
95.24
88.56
74.60000000000001
104.34
84.46000000000001
92.4
85.16
90.9
74.0
91.68
81.24
98.4
94.82000000000001
98.08
73.5
95.14
88.44
95.34
78.28
90.28
93.82000000000001
101.74000000000001
85.02
83.68
61.58
99.64
67.56
93.68
78.88
87.56
81.78
82.58
99.76
98.22
84.76
95.98
98.34
63.86
83.3
74.24
82.78
81.3
63.5
96.94
90.52
96.06
69.38
99.7
108.44
84.98
91.76
70.60000000000001
55.18
89.0
84.0
82.82000000000001
73.56
95.68
83.10000000000001
87.86
85.54
62.84
91.8
97.84
93.18
99.58
84.32000000000001
85.4
5.3
107.36
85.44
98.10000000000001
82.36
76.26
56.92
87.44
92.88
96.44
62.24
88.06
97.98
93.5
92.86
99.12
67.88
108.8
104.22
75.06
99.26
95.04
45.5
76.5
56.38
82.18
72.62
72.2
63.2
101.26
58.56
80.62
105.66
96.98
103.96000000000001
86.7
102.3
52.56
98.14
79.60000000000001
92.9
86.18
103.18
82.60000000000001
95.22
88.56
101.34
79.52
82.48
101.44
90.5
70.52
69.54
77.82000000000001
94.62
78.28
93.32000000000001
93.98
95.22
68.32000000000001
87.8
84.0
96.60000000000001
99.38
81.0
91.9
104.16
94.38
101.36
58.52
108.60000000000001
94.0
77.02
93.92
97.3
105.86
78.0
93.76
94.86
99.5
87.34
49.78
86.24
106.02
86.36
90.46000000000001
96.52
92.28
83.32000000000001
93.04
110.3
101.60000000000001
79.8
69.92
48.52
87.68
89.8
85.88
98.16
79.08
107.02
77.64
87.5
98.60000000000001
77.92
83.82000000000001
92.48
98.44
96.0
68.5
85.12
86.02
80.86
96.26
70.46000000000001
94.28
84.26
92.10000000000001
95.26
52.94
92.88
100.88
71.84
99.36
81.86
108.96000000000001
97.22
85.60000000000001
102.7
87.78
72.74
89.5
69.34
81.82000000000001
99.56
89.52
85.18
90.36
92.08
68.58
85.16
98.46000000000001
82.94
83.16
94.68
61.9
80.54
71.98
96.60000000000001
85.98
79.36
78.46000000000001
87.16
86.4
95.56
91.36
70.18
96.88
79.56
95.4
87.66
99.8
97.74000000000001
95.10000000000001
92.10000000000001
88.5
44.74
72.44
105.42
93.92
94.46000000000001
104.18
97.8
85.9
92.36
85.82000000000001
67.98
99.84
98.38
90.3
94.32000000000001
48.28
86.92
80.48
80.72
102.66
81.26
64.46000000000001
78.3
80.96000000000001
81.36
78.08
59.44
102.44
98.54
87.26
93.44
107.38
79.58
70.5
101.44
102.62
57.26
97.88
105.22
79.64
92.24
96.3
93.7
102.82000000000001
98.8
92.94
84.12
89.68
89.44
79.60000000000001
99.66
89.34
81.82000000000001
47.46
82.2
94.62
81.42
83.44
82.68
95.52
107.14
62.800000000000004
95.02
90.0
99.2
100.66
102.92
96.46000000000001
83.5
28.88
59.02
53.18
97.14
95.14
101.18
92.02
71.06
85.26
82.24
63.04
107.28
50.18
68.32000000000001
75.54
110.26
90.08
99.72
79.0
85.86
78.48
99.44
90.98
97.74000000000001
95.4
77.74
94.60000000000001
89.74
83.8
70.02
86.10000000000001
108.4
68.88
61.800000000000004
65.34
83.5
83.94
95.82000000000001
89.9
88.06
91.78
65.52
69.8
91.92
104.24000000000001
97.88
64.3
97.98
75.64
94.68
83.88
75.56
101.66
105.8
89.06
91.5
101.04
94.68
101.02
99.56
99.8
102.3
48.02
95.56
90.54
81.9
101.42
89.52
95.10000000000001
74.42
81.9
90.02
61.660000000000004
71.66
100.68
96.86
69.82000000000001
86.86
83.94
107.08
63.800000000000004
89.84
95.52
99.26
102.96000000000001
80.82000000000001
90.96000000000001
74.0
86.16
84.78
72.5
89.04
105.68
79.28
96.34
96.66
90.16
79.66
96.68
66.14
84.98
73.02
85.68
79.28
67.9
89.32000000000001
94.12
75.74
66.82000000000001
67.14
105.92
92.56
86.0
82.42
73.58
92.84
81.52
91.08
97.2
60.56
102.28
73.0
97.24000000000001
94.60000000000001
107.06
96.2
87.62
88.3
97.7
79.4
77.96000000000001
101.02
94.7
90.60000000000001
94.34
90.4
87.82000000000001
62.9
75.96000000000001
53.46
98.34
93.26
77.0
95.38
50.22
98.12
63.72
41.54
87.62
77.74
62.96
89.84
98.42
59.72
98.14
99.78
97.38
84.7
89.36
96.04
74.2
78.10000000000001
89.58
55.18
93.74
86.78
96.06
100.78
90.86
97.96000000000001
82.62
83.9
74.98
97.88
86.72
89.72
99.60000000000001
79.9
76.24
38.54
101.16
98.02
95.26
82.38
75.18
89.44
102.52
91.14
75.10000000000001
98.36
73.32000000000001
98.46000000000001
80.14
86.82000000000001
97.94
87.26
86.06
82.04
80.74
72.4
101.9
99.74000000000001
77.94
94.42
92.06
84.22
90.04
16.98
76.74
77.58
87.8
86.8
41.22
92.14
101.0
86.10000000000001
91.52
60.42
95.26
64.52
89.62
74.34
79.58
72.28
85.42
78.52
89.16
96.28
72.14
93.5
96.54
77.18
95.32000000000001
93.48
101.2
86.18
102.9
79.54
110.26
93.2
94.72
79.16
98.08
92.32000000000001
90.02
94.98
102.08
92.68
53.7
82.3
102.64
94.32000000000001
73.56
91.4
103.98
100.06
95.18
96.56
96.68
88.48
83.74
93.16
96.72
97.26
97.84
66.16
63.160000000000004
78.12
93.28
94.3
95.48
65.88
94.4
87.18
102.86
89.0
98.86
106.98
93.24
72.16
87.14
86.88
81.60000000000001
65.26
83.22
78.2
81.42
80.16
78.9
88.34
83.44
69.34
76.28
71.14
87.84
89.02
97.66
85.56
87.94
69.88
89.26
81.4
94.78
101.12
88.64
60.56
61.04
104.2
89.88
105.64
91.14
98.48
104.24000000000001
83.88
71.62
99.34
82.56
60.44
101.14
96.36
94.92
52.74
63.54
89.08
85.08
57.18
86.16
80.24
95.34
36.58
72.42
103.96000000000001
51.2
34.94
92.48
87.10000000000001
90.04
92.28
100.9
82.88
85.8
93.64
103.08
94.06
87.86
92.56
57.36
66.58
44.64
89.04
94.4
97.8
75.7
78.2
99.96000000000001
79.46000000000001
83.62
79.88
95.44
74.56
72.58
96.38
62.1
75.52
93.66
98.54
50.160000000000004
64.98
84.66
93.9
85.14
67.48
62.36
96.8
94.5
96.16
102.46000000000001
92.56
74.0
85.54
84.4
87.22
93.58
88.22
89.76
96.26
96.38
76.8
97.08
98.74000000000001
90.5
94.56
102.8
52.32
78.02
101.26
103.78
88.02
52.480000000000004
63.96
84.74
71.84
62.54
95.04
98.08
77.14
99.86
83.58
92.98
92.96000000000001
96.9
91.36
81.74
94.06
82.9
98.26
96.92
78.94
72.38
89.86
89.8
71.74
96.3
94.44
70.64
91.7
86.34
100.76
90.38
102.38
102.74000000000001
65.62
95.0
52.96
96.84
85.52
96.52
92.24
101.32000000000001
78.06
77.72
75.74
87.64
83.92
62.32
84.04
87.62
85.36
73.72
102.4
88.74
93.94
77.38
102.68
89.56
90.54
104.16
60.5
98.34
78.98
99.34
114.58
38.58
71.78
77.96000000000001
88.22
99.2
61.300000000000004
107.34
104.04
88.18
95.0
91.76
101.22
91.10000000000001
93.02
93.62
84.26
79.88
97.8
92.64
76.92
85.18
95.76
76.28
97.46000000000001
78.98
93.88
86.64
97.52
107.3
89.48
96.42
99.4
87.60000000000001
96.76
90.5
76.78
86.7
72.68
101.26
95.3
75.14
96.96000000000001
79.7
88.14
92.98
67.28
77.58
107.14
98.92
103.96000000000001
94.10000000000001
101.66
64.82000000000001
75.88
97.64
87.26
90.46000000000001
91.94
90.3
81.76
80.92
96.82000000000001
87.32000000000001
92.34
83.62
96.44
88.44
110.66
94.78
95.02
102.68
46.86
96.46000000000001
97.82000000000001
105.66
41.42
96.18
87.4
86.64
99.8
77.7
89.68
91.06
93.72
99.64
61.06
96.7
87.44
81.32000000000001
97.96000000000001
92.28
89.02
83.84
77.72
93.3
97.06
78.34
98.36
91.28
101.06
74.46000000000001
107.16
96.46000000000001
106.74000000000001
86.04
102.92
90.02
105.62
74.26
63.22
84.18
104.10000000000001
104.18
89.4
81.38
68.28
103.60000000000001
61.84
82.10000000000001
83.2
95.16
95.36
76.2
91.18
95.88
97.72
101.06
89.38
107.36
87.8
101.18
74.66
78.7
96.78
82.68
91.22
78.9
90.44
85.48
60.5
92.54
82.24
93.54
69.46000000000001
93.36
70.0
102.72
96.3
96.04
46.02
104.18
84.88
93.22
99.94
104.24000000000001
92.46000000000001
77.96000000000001
104.16
82.06
93.8
93.32000000000001
79.3
103.98
102.18
83.5
63.04
78.92
107.12
84.16
79.58
92.74
87.62
94.94
86.36
83.48
72.28
72.72
62.36
89.04
95.46000000000001
89.76
89.34
53.72
90.2
99.54
105.86
95.0
100.02
94.56
69.04
95.4
98.28
97.9
97.88
100.36
80.36
108.68
76.0
80.10000000000001
97.0
96.96000000000001
95.02
71.58
89.84
92.88
59.980000000000004
100.98
70.0
99.56
84.94
88.36
94.24
92.0
100.78
90.10000000000001
88.22
90.68
94.94
93.36
67.04
86.54
102.48
101.66
94.76
74.76
88.94
86.82000000000001
85.92
82.44
56.82
100.88
90.94
89.52
94.58
88.46000000000001
91.92
96.18
77.04
80.06
75.04
99.06
97.18
101.26
95.26
93.94
80.72
76.46000000000001
103.82000000000001
94.06
97.06
89.42
89.42
102.68
93.12
63.64
86.3
92.64
93.82000000000001
105.86
73.88
58.2
92.76
100.9
81.16
83.32000000000001
57.78
75.8
93.24
85.34
84.7
104.4
89.10000000000001
81.2
84.88
95.58
104.14
100.24000000000001
99.26
84.2
73.98
99.76
50.660000000000004
100.58
45.18
112.02
72.96000000000001
93.48
90.96000000000001
75.12
95.96000000000001
110.4
62.56
94.26
93.4
78.78
68.14
87.56
91.7
93.84
87.72
81.28
95.42
70.12
88.96000000000001
62.24
101.24000000000001
80.66
91.5
100.88
97.08
104.18
74.52
79.32000000000001
89.78
65.98
95.60000000000001
86.8
96.88
98.08
91.92
89.60000000000001
76.98
73.4
96.96000000000001
92.78
89.02
80.68
61.08
91.24
88.4
71.72
52.14
91.64
84.88
93.96000000000001
91.02
70.24
80.72
102.62
99.9
97.38
91.76
72.78
88.06
101.10000000000001
90.32000000000001
58.94
102.98
77.98
65.92
87.0
99.58
43.12
93.72
93.7
87.78
78.2
66.36
98.62
89.88
81.86
87.3
78.48
85.60000000000001
95.66
86.44
99.5
104.34
81.82000000000001
76.52
76.22
83.88
65.68
107.34
64.7
102.88
96.24000000000001
65.62
100.72
56.5
74.34
92.86
79.58
88.8
97.78
88.24
98.14
84.68
57.28
99.8
102.54
89.3
84.18
94.98
69.96000000000001
79.7
82.78
81.22
76.02
105.44
88.82000000000001
80.48
100.32000000000001
89.14
98.58
88.52
85.60000000000001
98.04
88.7
101.04
93.60000000000001
96.24000000000001
84.7
58.94
105.62
66.56
91.46000000000001
94.60000000000001
66.98
67.02
101.26
88.36
89.78
87.78
79.68
62.08
95.0
69.98
95.3
93.56
94.56
72.5
101.38
101.46000000000001
90.42
71.58
95.42
58.88
97.72
84.64
95.14
97.7
94.88
97.9
79.34
84.16
94.16
93.7
57.14
94.86
95.60000000000001
91.28
99.18
99.88
82.0
98.24000000000001
97.48
100.86
91.74
98.96000000000001
57.4
65.74
90.52
102.5
96.14
96.14
91.16
81.74
99.46000000000001
91.02
90.7
110.22
89.54
99.46000000000001
91.48
94.22
105.36
75.4
84.56
68.2
102.2
93.38
99.12
104.38
96.44
95.7
86.34
88.36
107.62
90.94
94.7
96.14
105.8
94.04
98.22
96.86
89.36
104.14
77.18
107.38
91.28
61.96
98.16
79.82000000000001
90.72
70.60000000000001
85.46000000000001
62.42
82.68
81.78
68.62
81.66
64.68
86.08
107.36
102.36
78.86
95.86
76.66
87.58
95.38
95.34
85.56
79.0
102.12
99.58
96.64
103.92
102.84
71.64
76.96000000000001
97.22
75.58
86.98
60.52
86.12
104.12
73.84
57.1
91.60000000000001
94.16
77.8
94.26
96.04
76.42
53.46
73.36
38.26
87.72
101.02
82.36
102.72
77.94
84.56
76.36
102.10000000000001
82.3
72.96000000000001
84.8
79.08
82.54
65.68
88.58
88.62
94.72
95.24
100.7
101.24000000000001
91.92
98.88
58.4
95.3
93.2
82.98
92.54
90.3
105.78
69.46000000000001
99.58
74.96000000000001
99.34
97.10000000000001
83.56
93.42
104.2
92.76
71.4
93.76
94.24
92.38
75.82000000000001
85.66
104.14
88.2
96.24000000000001
107.22
59.76
95.14
60.2
98.12
78.62
71.74
96.26
97.94
69.10000000000001
75.0
79.12
89.3
75.0
83.16
95.3
85.58
101.44
91.24
100.92
67.78
74.22
82.60000000000001
82.10000000000001
76.16
88.56
89.84
90.08
88.78
98.68
97.14
90.38
96.56
97.64
79.5
92.14
93.4
103.74000000000001
53.480000000000004
93.76
73.88
97.02
92.98
53.86
101.02
84.14
85.96000000000001
52.72
72.10000000000001
85.02
107.36
66.6
98.64
93.26
74.78
96.58
94.34
93.4
101.06
77.10000000000001
91.72
87.68
78.86
91.74
67.24
90.04
104.3
77.06
84.94
102.76
101.52
99.7
99.38
102.10000000000001
39.54
42.56
93.24
81.02
72.76
89.56
91.82000000000001
92.52
99.9
84.58
82.04
91.52
96.98
84.44
88.92
97.2
91.32000000000001
89.96000000000001
107.38
89.68
65.52
95.22
33.14
67.38
80.32000000000001
93.9
14.36
99.14
105.86
97.32000000000001
106.04
93.68
94.34
85.64
64.48
90.46000000000001
99.26
102.9
76.94
87.32000000000001
73.06
90.82000000000001
110.12
96.2
82.86
100.26
97.06
105.72
90.28
87.66
90.78
93.12
81.02
67.24
96.08
100.72
70.24
103.76
92.60000000000001
88.44
99.5
105.24000000000001
97.04
60.18
96.44
78.56
81.16
99.46000000000001
59.02
85.62
92.74
62.86
86.62
86.54
90.48
102.56
71.42
65.74
71.16
101.12
76.04
71.18
71.54
5.68
93.26
93.82000000000001
92.92
96.38
89.54
84.02
102.36
82.06
92.48
89.18
92.60000000000001
93.3
96.42
91.98
91.96000000000001
103.92
98.94
61.0
90.22
100.86
101.42
77.54
72.4
93.16
91.94
86.72
102.52
94.42
100.88
95.10000000000001
91.08
105.34
55.92
92.74
59.84
97.92
60.2
96.66
80.32000000000001
89.34
66.24
82.7
101.68
90.92
93.76
88.44
68.08
62.82
60.38
89.68
88.60000000000001
87.28
53.56
107.28
101.02
85.92
89.06
86.32000000000001
93.58
91.16
91.24
84.36
89.08
83.3
101.16
67.16
92.34
102.9
76.62
95.08
30.86
70.98
82.0
94.0
77.72
95.48
82.54
71.14
89.14
68.68
85.58
95.02
83.54
58.32
91.52
88.82000000000001
81.74
85.28
100.8
77.92
73.4
102.46000000000001
78.68
100.96000000000001
68.7
73.24
63.6
89.64
91.5
51.44
85.84
86.76
85.12
86.34
84.32000000000001
87.76
64.04
64.24
80.62
87.44
76.86
83.44
104.60000000000001
99.3
98.26
94.60000000000001
87.14
104.08
90.58
60.26
4.38
79.32000000000001
70.38
78.84
77.60000000000001
93.94
54.2
73.74
16.9
77.44
88.82000000000001
107.38
82.02
82.96000000000001
85.9
108.7
54.32
101.12
85.32000000000001
103.82000000000001
89.98
63.08
88.16
101.16
100.86
63.92
101.24000000000001
78.60000000000001
49.56
99.38
83.58
95.7
86.38
94.84
94.46000000000001
113.24000000000001
98.62
100.74000000000001
89.16
90.02
96.7
94.56
79.24
63.04
76.72
105.8
101.0
63.24
104.46000000000001
97.96000000000001
91.86
93.14
67.52
102.72
94.10000000000001
85.28
78.84
87.54
101.26
84.28
97.54
89.3
89.92
91.72
71.42
80.04
72.44
98.08
94.8
71.2
99.4
102.32000000000001
90.46000000000001
80.32000000000001
65.78
88.5
81.32000000000001
85.18
83.74
102.06
87.36
82.68
75.22
94.86
93.0
69.16
96.14
93.32000000000001
99.3
101.22
92.12
93.64
74.68
95.14
70.58
65.62
85.14
92.42
52.78
97.74000000000001
94.98
96.2
88.9
96.26
98.38
96.86
84.60000000000001
83.78
92.56
90.76
76.58
91.52
105.8
95.44
99.3
83.2
91.48
80.2
88.72
95.4
92.66
85.88
93.48
92.28
85.94
92.5
69.94
73.86
86.7
75.04
78.98
102.62
102.58
98.0
95.66
58.24
93.9
82.38
69.24
80.84
73.06
104.42
88.04
99.58
101.52
85.5
84.7
87.06
89.32000000000001
97.26
74.72
86.42
98.4
85.8
63.160000000000004
95.38
88.26
98.38
102.5
86.58
81.04
97.96000000000001
96.28
61.58
93.42
100.98
29.32
82.4
67.9
56.32
80.68
104.44
89.74
93.10000000000001
74.48
99.78
88.9
85.5
81.96000000000001
109.98
97.12
89.16
80.88
66.98
93.74
71.92
105.5
80.66
93.76
98.66
105.54
85.74
76.16
98.94
101.08
54.76
80.48
83.68
98.24000000000001
78.14
86.3
102.68
101.86
99.88
103.98
90.52
82.86
66.94
89.78
105.60000000000001
104.3
4.9
77.22
82.18
75.94
51.68
86.74
60.160000000000004
98.4
90.54
82.8
94.14
91.98
95.78
97.68
91.44
97.0
73.54
55.86
96.38
101.14
80.86
85.32000000000001
77.94
98.08
73.10000000000001
94.22
65.88
15.08
94.46000000000001
88.36
105.46000000000001
87.88
56.2
80.84
96.3
73.60000000000001
94.86
65.86
96.64
93.38
92.64
93.92
96.98
90.04
102.7
78.26
96.02
80.52
84.4
86.96000000000001
62.24
5.76
74.94
79.48
76.92
75.7
97.76
83.24
93.4
92.56
96.22
107.36
101.12
96.96000000000001
64.12
101.14
88.62
104.44
81.72
87.3
83.22
94.12
80.66
104.32000000000001
88.06
53.54
100.68
110.36
78.98
95.78
97.14
88.5
96.86
95.2
87.08
101.22
47.36
90.98
91.46000000000001
73.22
80.52
102.7
66.36
85.28
82.98
89.62
80.82000000000001
96.74000000000001
88.58
96.58
67.26
91.14
85.08
97.82000000000001
102.36
77.12
96.14
99.56
48.34
95.08
86.10000000000001
102.68
78.82000000000001
91.76
53.44
83.66
91.84
59.5
67.98
73.18
99.46000000000001
93.12
85.24
98.98
91.2
91.18
98.82000000000001
77.28
92.24
86.12
87.0
85.82000000000001
90.4
68.96000000000001
91.68
80.04
79.0
102.82000000000001
86.84
94.4
95.16
75.72
93.22
100.86
92.52
79.78
73.3
83.94
98.74000000000001
89.12
107.52
82.26
77.64
98.96000000000001
96.02
54.24
92.0
93.78
104.3
32.480000000000004
89.18
84.4
95.26
107.32000000000001
85.88
101.24000000000001
73.26
80.76
97.54
76.62
85.5
89.8
99.54
94.68
78.54
104.42
100.64
80.44
69.38
91.3
61.480000000000004
100.4
92.08
89.92
97.4
41.24
70.08
85.76
87.96000000000001
90.36
89.60000000000001
102.82000000000001
95.02
108.84
65.16
87.52
89.78
98.4
93.7
73.12
95.12
63.18
87.28
92.96000000000001
35.78
96.60000000000001
77.28
97.66
90.72
88.18
84.84
67.56
65.12
99.64
82.96000000000001
104.22
85.12
50.42
94.58
94.44
83.42
91.72
88.32000000000001
70.78
88.82000000000001
82.26
92.54
92.92
69.56
78.62
45.300000000000004
92.34
96.58
72.72
67.84
60.980000000000004
90.42
100.92
96.42
73.8
91.48
81.54
77.12
77.64
73.3
65.64
93.88
97.62
99.14
84.0
99.02
105.96000000000001
92.10000000000001
70.08
110.32000000000001
99.5
75.74
100.92
90.7
84.28
80.34
102.78
93.46000000000001
96.34
81.26
96.44
76.26
94.8
98.22
98.84
102.8
98.12
86.16
80.5
55.84
77.68
99.52
102.76
89.28
55.96
78.34
68.4
99.24000000000001
90.56
80.2
93.44
100.82000000000001
87.32000000000001
81.32000000000001
32.04
57.480000000000004
89.7
86.08
89.34
80.46000000000001
71.24
85.68
98.16
93.72
65.08
77.44
86.84
44.36
97.88
89.2
94.72
95.7
98.10000000000001
93.36
90.82000000000001
88.04
91.86
98.36
91.2
69.7
108.8
70.4
93.62
96.22
102.16
68.7
96.86
64.66
77.38
51.28
94.16
95.60000000000001
96.14
88.78
98.76
79.04
81.62
96.8
100.86
108.9
97.66
102.06
69.16
93.7
81.36
95.44
83.9
83.24
94.7
90.16
84.36
77.28
100.66
82.24
79.10000000000001
78.62
96.46000000000001
88.08
29.900000000000002
95.86
86.66
95.84
90.18
85.34
81.14
77.14
84.66
87.10000000000001
91.78
99.48
96.48
49.78
96.7
77.38
88.7
104.56
102.82000000000001
84.52
78.22
88.82000000000001
98.12
87.94
97.92
107.5
91.5
90.92
50.620000000000005
98.56
81.8
105.64
99.3
107.3
94.7
86.06
20.72
91.82000000000001
102.74000000000001
79.76
82.14
90.94
80.28
82.78
96.92
82.28
66.82000000000001
90.48
81.24
68.0
96.52
96.4
95.82000000000001
91.68
59.14
100.18
80.14
88.8
100.78
71.48
84.2
81.16
29.8
96.36
65.12
108.9
94.92
101.88
57.36
73.52
69.72
87.22
93.54
69.60000000000001
94.7
101.64
94.82000000000001
61.82
97.7
92.84
73.58
76.2
89.28
88.14
82.76
100.82000000000001
92.68
74.58
102.14
89.62
93.94
48.24
94.88
70.42
69.82000000000001
98.04
90.4
95.62
63.96
104.38
105.76
53.980000000000004
98.02
96.58
90.24
96.3
94.72
95.36
100.96000000000001
95.44
68.82000000000001
95.56
93.60000000000001
68.52
74.62
69.4
95.34
90.4
102.16
97.68
88.56
96.48
92.44
92.54
52.38
75.5
87.82000000000001
105.58
66.34
76.68
98.16
93.8
80.64
88.36
95.16
102.04
84.02
78.32000000000001
77.06
79.06
102.42
107.46000000000001
96.44
97.48
64.42
89.56
84.46000000000001
90.26
102.7
102.62
75.54
94.42
87.0
90.42
68.66
37.300000000000004
78.06
69.08
93.78
72.86
62.06
92.88
96.94
67.2
96.84
94.86
89.76
84.08
92.98
77.88
95.3
85.10000000000001
101.42
96.8
67.58
73.16
94.78
97.58
92.78
87.14
98.18
85.48
96.44
86.34
80.22
100.58
91.12
76.48
89.16
80.48
79.88
87.10000000000001
88.60000000000001
18.78
78.42
93.4
95.44
90.08
70.32000000000001
97.78
102.56
100.84
89.76
101.9
92.72
91.66
86.34
88.74
83.48
92.88
93.48
63.36
100.82000000000001
81.26
83.98
69.88
69.62
52.44
93.74
104.28
108.64
91.68
88.42
88.56
79.60000000000001
82.34
87.58
60.76
85.16
84.9
98.16
95.9
73.5
50.620000000000005
93.74
81.66
98.72
44.24
102.38
89.14
104.0
51.84
106.94
104.38
81.62
55.04
101.2
56.86
87.10000000000001
81.72
88.66
100.64
64.82000000000001
91.68
98.3
96.24000000000001
79.06
89.76
78.18
82.3
101.3
43.4
64.5
89.0
83.04
89.4
105.84
98.88
52.84
84.26
98.38
87.4
94.16
71.92
94.3
79.58
56.1
79.76
76.5
75.34
99.68
95.76
80.82000000000001
88.74
68.88
48.92
83.68
107.04
89.32000000000001
76.44
101.22
76.76
79.44
88.62
96.68
80.42
98.48
97.04
71.48
104.44
101.22
76.94
87.5
101.56
89.42
88.12
56.52
90.38
98.78
94.48
70.78
93.52
89.54
62.72
86.64
77.72
94.92
57.9
77.4
63.6
92.28
93.28
99.28
60.120000000000005
90.98
93.66
94.86
102.08
92.0
68.68
95.9
70.74
82.7
97.12
57.76
46.14
59.54
22.88
94.72
91.34
96.72
99.42
93.16
71.74
97.46000000000001
102.10000000000001
61.32
97.44
92.88
94.46000000000001
77.16
86.48
94.28
80.84
99.48
102.60000000000001
88.22
95.16
63.56
84.94
63.5
54.96
74.60000000000001
97.78
57.9
95.38
80.38
42.56
74.68
99.04
85.22
83.10000000000001
99.46000000000001
103.9
82.08
77.14
93.58
92.9
94.3
101.46000000000001
96.74000000000001
94.16
99.92
84.3
64.42
42.22
82.60000000000001
90.44
88.06
95.78
88.54
96.98
92.5
98.44
67.72
84.14
99.46000000000001
89.24
73.96000000000001
97.96000000000001
104.48
91.66
77.2
39.480000000000004
98.32000000000001
73.32000000000001
90.08
93.08
93.74
102.7
100.46000000000001
90.58
85.44
70.28
84.92
54.24
89.74
73.0
105.84
78.46000000000001
93.44
93.7
78.22
63.88
95.08
99.7
88.62
96.84
63.14
96.2
90.68
94.16
80.84
71.2
100.98
91.16
86.76
85.3
71.62
93.32000000000001
93.06
88.64
82.7
91.7
74.94
96.12
101.34
95.3
77.10000000000001
93.3
82.60000000000001
101.28
90.28
98.78
95.2
83.96000000000001
72.22
86.84
93.18
98.24000000000001
91.96000000000001
87.4
90.86
89.46000000000001
90.68
91.74
85.34
93.94
79.52
90.8
99.4
91.34
72.10000000000001
98.96000000000001
89.84
100.84
101.26
80.24
99.34
95.5
76.36
104.02
65.5
91.52
72.76
97.74000000000001
91.82000000000001
77.48
97.68
49.22
85.56
93.58
102.34
107.28
43.24
89.66
88.32000000000001
91.12
65.28
86.76
85.78
100.96000000000001
97.74000000000001
94.38
81.14
86.74
83.62
105.4
92.48
63.82
105.48
45.0
97.16
108.9
97.02
93.92
98.36
86.76
102.66
78.84
84.9
107.5
39.22
80.42
99.48
73.78
76.88
97.10000000000001
97.9
94.7
88.2
73.44
85.60000000000001
104.28
95.62
95.3
86.14
70.96000000000001
99.22
82.98
62.980000000000004
81.98
81.16
94.16
98.92
63.72
78.82000000000001
94.86
99.04
98.64
105.92
92.18
90.14
73.12
54.160000000000004
79.60000000000001
42.84
80.02
74.96000000000001
95.32000000000001
98.34
89.74
83.4
83.46000000000001
79.44
100.66
111.7
101.18
86.92
91.06
84.66
100.84
87.22
97.96000000000001
101.38
95.86
100.7
90.02
68.9
89.48
99.78
98.44
105.84
92.3
77.52
94.52
78.4
93.44
93.42
77.72
101.12
100.32000000000001
97.36
89.92
82.2
89.58
97.62
88.18
68.14
62.38
92.32000000000001
36.44
67.2
65.82000000000001
67.32000000000001
94.84
82.86
104.4
79.98
95.32000000000001
86.34
99.18
65.36
73.56
81.74
99.0
83.18
85.42
77.74
98.92
92.84
92.46000000000001
92.8
76.5
74.84
82.42
93.02
85.74
83.82000000000001
63.86
56.0
93.16
90.62
97.54
76.44
56.18
90.16
95.02
59.88
86.58
75.16
87.88
94.74
96.96000000000001
90.08
90.82000000000001
102.28
99.46000000000001
108.76
98.62
87.48
65.42
79.3
77.10000000000001
97.26
97.52
77.36
92.22
77.46000000000001
97.64
105.72
97.82000000000001
83.98
90.94
93.3
99.34
77.04
99.68
101.16
101.74000000000001
102.62
93.4
98.0
71.60000000000001
74.96000000000001
78.4
102.34
87.92
89.64
96.64
84.54
92.38
83.38
92.46000000000001
42.980000000000004
101.4
49.94
63.26
97.9
95.24
105.86
85.84
88.34
101.74000000000001
95.34
104.16
89.72
91.4
94.98
84.32000000000001
95.10000000000001
94.64
96.88
92.46000000000001
80.12
75.36
83.56
46.88
100.88
79.32000000000001
102.44
65.42
89.42
79.66
101.08
89.60000000000001
69.28
101.02
77.10000000000001
92.46000000000001
102.74000000000001
85.48
104.12
66.32000000000001
87.18
94.16
83.12
76.36
76.84
88.78
85.5
101.04
90.2
101.22
87.92
79.94
89.24
81.9
64.42
97.66
97.52
84.18
87.06
91.78
86.60000000000001
96.72
75.14
96.86
86.5
99.58
107.0
54.06
79.34
87.4
104.26
92.7
106.06
78.4
107.52
84.98
96.4
79.7
82.04
95.66
100.74000000000001
92.62
82.28
82.62
65.04
78.18
96.58
99.68
96.28
102.16
65.14
98.22
98.44
95.82000000000001
78.18
70.5
102.86
94.12
96.86
99.74000000000001
97.88
88.92
90.66
96.32000000000001
94.56
57.5
89.44
86.58
110.34
102.8
93.10000000000001
91.5
78.86
89.58
99.78
96.04
75.16
101.56
93.9
104.0
71.46000000000001
63.0
66.62
92.34
94.78
91.16
84.4
91.28
95.42
93.84
74.2
105.16
72.54
16.8
71.02
96.46000000000001
94.64
77.04
94.3
83.66
93.10000000000001
62.660000000000004
89.28
105.52
76.56
107.34
99.46000000000001
81.76
84.38
89.48
99.28
95.04
81.34
88.28
86.02
101.12
93.66
74.86
81.4
101.5
101.14
84.36
73.84
48.58
94.16
93.34
102.82000000000001
98.2
90.02
94.4
101.26
77.0
97.86
99.7
71.4
87.76
94.34
4.64
82.48
80.96000000000001
88.9
97.34
79.32000000000001
95.74000000000001
96.78
81.98
89.08
101.44
90.94
96.98
79.42
98.04
95.56
90.32000000000001
94.74
90.66
86.56
61.92
105.5
68.46000000000001
96.28
74.88
64.74
85.48
106.02
76.76
98.3
96.36
86.28
99.98
102.78
69.98
69.04
97.5
85.72
89.92
66.3
92.64
99.46000000000001
92.96000000000001
97.0
98.04
65.98
80.84
86.36
101.46000000000001
89.42
99.32000000000001
80.8
89.64
94.96000000000001
60.28
95.60000000000001
92.24
76.76
76.68
68.34
97.28
96.02
100.76
86.18
94.74
65.24
88.62
64.74
90.56
95.98
78.78
85.74
71.7
96.54
104.44
90.62
82.52
89.02
95.04
92.42
102.42
83.08
101.36
80.44
55.08
97.16
110.16
73.08
85.22
95.48
93.5
94.14
93.84
98.02
102.72
95.28
95.82000000000001
84.8
84.48
73.10000000000001
97.82000000000001
50.92
92.4
78.38
92.96000000000001
96.66
105.8
67.64
96.64
89.22
107.34
91.96000000000001
103.9
100.58
91.38
102.66
40.32
72.60000000000001
96.0
102.12
80.14
53.88
69.94
74.7
91.26
82.18
79.18
67.2
84.36
101.2
61.7
104.2
79.92
93.48
91.12
57.86
105.86
81.48
92.92
105.96000000000001
60.24
82.2
94.72
90.26
102.84
101.38
105.5
97.88
31.62
84.54
77.66
91.86
92.92
60.36
87.0
92.32000000000001
110.12
100.8
74.64
54.94
56.24
104.26
79.66
69.42
71.4
96.0
87.14
93.24
104.52
98.28
89.34
72.8
82.5
91.08
102.38
90.88
88.74
98.16
91.64
81.3
102.36
104.48
104.42
79.4
85.3
47.6
92.24
92.88
87.36
98.32000000000001
102.5
102.76
57.76
81.78
100.52
89.58
99.42
90.52
97.36
74.12
95.86
36.44
56.660000000000004
68.86
87.28
86.02
74.66
82.16
75.68
60.94
93.38
96.9
81.9
48.34
84.56
66.38
95.44
89.66
80.14
69.58
96.82000000000001
22.16
101.24000000000001
82.76
61.120000000000005
101.0
90.32000000000001
96.78
101.0
78.62
102.92
84.42
79.04
80.96000000000001
101.68
89.82000000000001
84.98
97.72
91.88
95.18
95.76
77.66
86.24
72.18
90.5
58.32
88.52
97.14
91.24
67.46000000000001
77.8
99.72
102.34
94.74
96.78
91.72
93.38
77.76
91.44
87.28
96.3
76.4
86.24
88.48
102.7
99.44
62.88
81.64
56.4
94.16
99.62
90.32000000000001
71.7
86.3
92.84
95.10000000000001
83.42
60.1
91.16
98.02
90.14
93.88
102.34
93.7
102.32000000000001
71.4
88.36
102.16
68.12
83.38
72.72
83.86
29.900000000000002
83.74
91.8
77.76
99.4
87.36
85.74
71.14
93.94
104.5
89.5
92.34
90.9
85.28
100.64
90.96000000000001
94.9
99.08
89.94
78.76
97.98
93.32000000000001
78.0
87.9
97.4
102.32000000000001
71.38
101.4
89.26
95.2
77.3
69.28
95.58
92.66
86.84
87.56
97.58
80.7
86.76
99.04
80.9
92.52
91.16
88.88
77.16
102.74000000000001
94.76
105.58
97.0
80.96000000000001
93.34
104.28
85.82000000000001
98.18
99.34
77.44
80.84
75.74
86.06
82.46000000000001
85.18
92.48
94.3
91.04
83.94
87.76
102.74000000000001
83.9
98.2
88.42
105.84
85.52
88.54
87.28
76.86
68.2
71.34
79.34
86.5
85.96000000000001
89.36
79.72
94.8
95.32000000000001
89.84
93.42
94.38
96.8
98.24000000000001
76.66
85.04
85.62
98.34
102.42
89.86
66.54
99.26
79.76
85.10000000000001
60.46
85.36
92.78
65.12
102.74000000000001
75.48
90.16
83.08
102.76
79.8
91.68
75.7
98.06
30.14
89.72
60.74
91.38
60.7
93.74
104.22
96.74000000000001
78.36
60.480000000000004
94.38
78.46000000000001
75.4
89.78
95.54
79.38
101.5
97.60000000000001
96.22
99.3
99.76
82.3
99.68
58.64
32.14
58.18
87.06
86.60000000000001
93.54
88.04
76.54
59.46
78.98
94.7
98.38
96.88
95.66
77.24
73.88
71.08
85.48
94.26
95.5
105.84
99.76
95.34
59.56
100.92
96.2
92.76
86.28
87.2
97.88
94.3
101.38
73.0
94.08
84.5
79.66
102.94
82.36
84.66
81.4
84.18
86.62
94.38
90.12
99.86
107.26
78.66
78.18
101.0
85.0
98.88
79.64
80.64
83.12
84.48
90.54
101.42
83.54
71.9
97.78
92.14
80.26
102.84
100.88
50.92
96.72
58.26
77.58
98.72
97.32000000000001
95.18
96.16
96.52
93.16
94.08
93.78
98.42
73.46000000000001
79.74
80.98
97.14
86.58
91.8
89.78
98.62
82.8
92.66
75.12
86.18
95.26
85.72
104.46000000000001
74.08
77.54
86.76
84.94
89.42
80.76
93.44
92.84
76.44
101.10000000000001
81.28
95.68
72.24
69.08
84.74
105.52
77.58
101.16
99.0
92.9
70.7
48.78
87.24
107.18
88.46000000000001
76.72
93.10000000000001
83.76
95.92
50.7
93.24
87.86
95.68
78.46000000000001
87.62
99.82000000000001
86.38
98.44
83.58
104.24000000000001
97.84
92.98
98.48
94.64
88.36
92.26
77.06
92.62
97.12
78.3
92.66
83.54
60.28
39.26
102.82000000000001
95.62
86.9
70.4
86.72
89.36
82.14
83.32000000000001
91.22
81.84
86.66
80.34
100.68
66.9
93.3
71.4
84.44
95.10000000000001
91.36
91.04
96.46000000000001
81.66
86.64
78.64
66.26
85.46000000000001
1.78
91.42
90.14
74.42
75.58
102.58
99.28
44.12
91.24
96.64
69.96000000000001
107.3
59.76
73.44
108.96000000000001
94.78
102.78
105.34
95.42
90.7
102.76
92.44
86.5
66.44
32.72
37.28
75.46000000000001
83.78
73.46000000000001
49.5
67.24
91.84
99.82000000000001
92.94
90.48
25.62
86.74
78.18
88.38
78.12
99.66
62.1
88.42
93.96000000000001
96.76
84.28
83.2
86.22
80.76
87.36
