95.44
89.8
82.4
74.0
99.76
107.38
91.24
95.0
88.42
105.48
79.8
72.04
93.62
68.36
79.42
79.86
94.36
87.48
93.3
104.04
102.46000000000001
92.26
104.12
86.68
95.06
90.0
7.7
87.48
92.72
82.58
104.26
107.26
48.4
93.4
89.82000000000001
85.72
94.94
105.96000000000001
82.94
93.58
97.4
105.78
89.3
89.98
102.8
71.10000000000001
51.52
84.96000000000001
96.62
88.2
105.76
91.14
101.16
96.82000000000001
59.06
99.44
75.58
105.60000000000001
98.66
79.26
77.06
95.74000000000001
92.9
102.48
98.10000000000001
89.0
87.18
96.38
77.48
89.5
50.660000000000004
95.52
88.26
86.34
87.26
70.5
62.660000000000004
100.18
93.8
88.42
86.62
79.32000000000001
77.26
80.68
103.96000000000001
96.0
75.2
91.0
83.3
81.94
108.9
91.62
85.76
99.86
80.46000000000001
92.86
92.42
91.58
97.7
90.26
94.12
102.72
89.5
90.60000000000001
87.54
85.52
64.98
78.18
86.96000000000001
81.74
96.68
90.36
76.16
98.32000000000001
91.26
79.24
100.06
52.52
57.980000000000004
104.08
85.3
55.980000000000004
92.04
101.26
63.660000000000004
95.38
92.28
95.16
64.22
99.66
90.02
104.18
53.56
93.86
98.42
85.9
91.64
108.86
96.2
80.12
62.54
99.12
91.0
102.36
88.46000000000001
77.68
93.42
38.78
97.38
86.04
85.78
73.94
85.84
84.54
91.42
80.24
93.60000000000001
75.82000000000001
91.74
83.64
96.74000000000001
85.68
94.2
101.3
88.96000000000001
82.74
79.5
80.34
75.58
110.46000000000001
88.26
102.7
75.64
62.06
99.82000000000001
90.96000000000001
80.68
90.12
95.84
97.52
97.58
99.4
98.10000000000001
93.72
68.84
98.06
81.26
104.4
87.28
68.96000000000001
97.84
92.72
82.72
104.44
84.08
96.14
91.98
110.38
98.28
90.68
95.52
98.58
90.62
91.56
96.48
92.02
85.82000000000001
101.32000000000001
45.2
105.76
58.4
80.3
68.4
107.28
79.56
55.82
97.88
87.86
89.62
99.62
83.68
71.38
101.14
104.56
94.68
61.52
70.98
87.38
87.8
76.92
90.92
92.88
95.98
73.24
81.10000000000001
91.86
80.64
101.28
101.60000000000001
80.84
102.18
96.18
62.92
68.72
98.04
77.5
94.54
90.84
104.08
64.56
102.78
85.26
96.62
102.44
79.34
108.64
91.44
87.08
85.22
84.46000000000001
86.32000000000001
87.82000000000001
92.88
97.86
82.28
78.28
69.34
85.8
94.82000000000001
101.3
95.16
100.0
95.84
71.76
70.94
70.94
96.46000000000001
104.32000000000001
101.5
74.94
89.48
87.78
92.52
92.18
76.4
92.96000000000001
97.18
79.68
77.14
93.78
27.52
94.22
99.02
84.18
50.480000000000004
98.86
84.04
94.8
71.08
99.7
